360.000000 757.916565 303.650665
360.000000 412.996490 225.885956
360.000000 632.650879 441.600555
360.000000 552.541138 233.306152
360.000000 820.375061 433.110840
360.000000 140.353378 424.870422
360.000000 856.215942 312.704559
360.000000 384.225525 284.757233
360.000000 368.244507 480.781311
360.000000 624.634155 128.673691
360.000000 180.743927 432.561371
360.000000 700.787354 508.648041
360.000000 504.703705 392.849854
360.000000 144.545380 152.953690
360.000000 584.383728 413.170227
360.000000 276.238129 165.427383
360.000000 428.244720 377.148346
360.000000 832.574829 548.985962
360.000000 977.455566 173.289444
360.000000 553.123718 501.672943
360.000000 800.744934 485.728638
360.000000 588.815857 265.574768
360.000000 272.578369 549.582031
360.000000 220.693832 473.609497
360.000000 416.945129 293.750183
360.000000 352.826691 97.370232
360.000000 197.158676 396.862640
360.000000 121.146263 340.953705
360.000000 397.085480 417.527924
360.000000 788.597778 190.077118
360.000000 412.170959 449.910095
360.000000 776.061951 189.520828
360.000000 244.238617 509.360474
361.000000 578.419861 235.997971
361.000000 805.382812 413.918243
361.000000 389.240295 225.433838
361.000000 849.076233 565.298767
361.000000 364.752625 505.140350
361.000000 788.597168 468.825043
361.000000 328.468475 100.622231
361.000000 260.315460 564.641602
361.000000 408.112274 392.515594
361.000000 300.260925 160.430878
361.000000 576.520203 500.526093
361.000000 836.812988 324.744629
361.000000 224.817734 448.955933
361.000000 124.709846 364.854370
361.000000 560.793335 404.996613
361.000000 608.687744 445.262085
361.000000 704.141479 489.079315
361.000000 647.745605 128.981964
361.000000 368.101074 305.055542
361.000000 563.851929 276.976135
361.000000 403.965179 576.710449
361.000000 392.617035 444.225586
361.000000 192.874619 420.083771
361.000000 528.748413 380.382172
361.000000 440.840851 292.779663
361.000000 140.412704 400.843018
361.000000 232.526352 528.559143
361.000000 776.714905 316.719208
361.000000 128.626373 141.075256
361.000000 124.699013 205.252243
361.000000 52.840244 209.101776
361.000000 497.025513 528.977783
361.000000 452.912537 381.135620
361.000000 28.710888 165.372665
361.000000 784.765686 169.386383
361.000000 744.605408 97.167366
361.000000 768.414246 181.084213
361.000000 764.390930 161.220612
361.000000 180.339691 413.162903
362.000000 790.147400 399.977875
362.000000 365.078430 226.005798
362.000000 360.892426 529.667908
362.000000 792.729675 329.507477
362.000000 712.535339 465.423004
362.000000 548.343506 373.128937
362.000000 188.418549 444.919647
362.000000 600.539612 232.993591
362.000000 544.447937 288.901367
362.000000 220.624680 548.724304
362.000000 672.640503 128.823166
362.000000 304.421600 101.022591
362.000000 584.177368 449.152435
362.000000 260.285217 589.086304
362.000000 368.561890 449.154602
362.000000 600.505859 497.277771
362.000000 324.316406 161.039322
362.000000 536.141846 401.135406
362.000000 764.482178 461.242218
362.000000 228.344437 425.270447
362.000000 356.399506 325.243500
362.000000 420.633759 372.976196
362.000000 176.828873 388.931885
362.000000 740.702393 181.183029
362.000000 104.695091 137.369080
362.000000 848.508606 589.191650
362.000000 472.485077 388.732086
362.000000 784.544067 140.710648
362.000000 128.400574 388.991333
362.000000 464.204285 293.188293
362.000000 408.016510 553.106018
362.000000 720.224304 97.020813
362.000000 816.454041 337.115509
362.000000 516.410461 537.165466
362.000000 76.446770 217.050354
362.000000 144.400238 380.872192
362.000000 48.425797 164.887772
362.000000 28.468063 213.059402
362.000000 112.342438 225.012848
363.000000 774.574646 379.990997
363.000000 625.301758 230.223938
363.000000 697.155823 125.944672
363.000000 341.086243 221.572388
363.000000 228.768646 401.426880
363.000000 848.610168 613.050049
363.000000 496.723114 396.848846
363.000000 793.118469 353.596222
363.000000 716.026550 177.798294
363.000000 184.195618 469.183441
363.000000 84.362061 137.054779
363.000000 572.393921 361.152679
363.000000 524.239990 297.147644
363.000000 356.211212 468.970276
363.000000 356.287811 548.951721
363.000000 280.110809 101.077957
363.000000 75.839844 164.912827
363.000000 207.877090 572.857178
363.000000 128.499481 412.923492
363.000000 700.454834 100.992561
363.000000 624.310547 496.973022
363.000000 172.286469 364.766632
363.000000 484.234741 288.683197
363.000000 724.240845 440.817413
363.000000 340.195618 340.972931
363.000000 420.071594 536.887817
363.000000 792.051392 120.622375
363.000000 48.131271 220.615036
363.000000 428.223328 352.785858
363.000000 564.227417 448.915344
363.000000 348.096161 160.905991
363.000000 152.180435 356.904114
363.000000 540.393616 536.966187
363.000000 512.429688 393.023743
363.000000 740.516846 457.068970
363.000000 260.436768 612.984375
363.000000 104.527512 245.040375
364.000000 318.124664 223.924820
364.000000 792.893127 377.996887
364.000000 176.877945 493.613647
364.000000 648.977722 493.416870
364.000000 649.049683 229.464996
364.000000 757.141052 361.295959
364.000000 692.857178 177.201385
364.000000 232.521866 377.449982
364.000000 720.155762 125.186974
364.000000 132.379776 436.833862
364.000000 676.452271 100.818275
364.000000 328.348267 360.888000
364.000000 344.176727 488.911835
364.000000 536.131836 456.789337
364.000000 372.222260 156.878708
364.000000 592.081055 353.093781
364.000000 351.690979 573.000305
364.000000 195.635590 588.892822
364.000000 60.230541 136.899017
364.000000 732.127441 420.883484
364.000000 444.157074 536.838989
364.000000 172.244949 340.712402
364.000000 520.335144 404.679626
364.000000 280.396362 560.852051
364.000000 252.473846 101.087921
364.000000 444.355164 333.050232
364.000000 492.258423 384.785004
364.000000 720.299438 448.726562
364.000000 500.343628 304.933716
364.000000 156.340332 333.141907
364.000000 800.208130 93.161148
364.000000 508.282776 289.193848
364.000000 92.324707 181.246490
364.000000 92.424454 265.134949
364.000000 72.427528 225.040054
364.000000 564.370361 537.011597
365.000000 534.331665 287.991547
365.000000 745.382507 341.992859
365.000000 793.289917 401.669067
365.000000 513.051636 461.452240
365.000000 672.562683 493.354309
365.000000 292.271667 221.114044
365.000000 672.131653 224.946686
365.000000 136.336975 461.057159
365.000000 744.297058 120.914246
365.000000 172.478882 516.626404
365.000000 236.544968 352.552399
365.000000 668.490234 176.628769
365.000000 36.272678 132.711395
365.000000 396.186310 156.648514
365.000000 168.406479 312.838501
365.000000 468.208557 381.039612
365.000000 328.101044 508.788635
365.000000 616.303650 344.643280
365.000000 697.138977 436.842102
365.000000 348.611694 597.036621
365.000000 456.283081 309.079254
365.000000 296.213654 536.808044
365.000000 468.157562 536.840759
365.000000 652.065308 100.987221
365.000000 96.070717 233.099823
365.000000 320.009857 384.991638
365.000000 184.045975 612.757324
365.000000 744.078979 400.739655
365.000000 232.202576 104.876564
365.000000 480.233765 317.015991
365.000000 544.055908 408.974762
365.000000 104.143997 192.974564
365.000000 804.365662 73.148636
365.000000 76.391487 281.217773
365.000000 588.418884 533.235352
366.000000 698.289368 227.962845
366.000000 729.109497 325.949585
366.000000 761.056702 385.614288
366.000000 488.915070 461.437073
366.000000 672.647583 433.308167
366.000000 164.392990 537.016846
366.000000 12.262827 132.772476
366.000000 556.172302 284.784943
366.000000 791.906555 424.700012
366.000000 315.951294 528.570923
366.000000 488.193298 532.625854
366.000000 208.450043 108.732521
366.000000 644.566833 176.784286
366.000000 464.549957 288.733612
366.000000 444.674072 372.942261
366.000000 268.499756 217.288788
366.000000 315.874695 409.215637
366.000000 347.634613 621.180969
366.000000 748.221130 97.340431
366.000000 420.074493 153.415039
366.000000 236.188721 329.338715
366.000000 140.273636 480.997284
366.000000 68.421448 308.803162
366.000000 92.599541 256.856140
366.000000 812.443115 49.083611
366.000000 696.362976 504.963898
366.000000 628.392944 100.735138
366.000000 172.317688 288.871094
366.000000 564.161438 417.090149
366.000000 632.129700 329.184784
366.000000 124.018013 213.122314
366.000000 612.093262 533.065857
366.000000 456.306030 325.103149
367.000000 714.085449 307.986816
367.000000 313.121796 553.896240
367.000000 241.046249 305.567108
367.000000 720.927124 225.404831
367.000000 244.615845 217.263397
367.000000 792.499634 449.000702
367.000000 620.430725 172.829193
367.000000 512.382568 532.902832
367.000000 444.215332 152.772415
367.000000 584.379700 280.607178
367.000000 160.594955 560.583984
367.000000 160.581635 496.653900
367.000000 640.304199 304.740204
367.000000 140.180313 228.730270
367.000000 464.384735 464.860931
367.000000 716.967957 517.102722
367.000000 424.967926 365.015137
367.000000 604.564392 105.000580
367.000000 776.539185 369.156830
367.000000 812.172119 29.141792
367.000000 71.939590 333.050873
367.000000 312.078583 428.777344
367.000000 176.400925 264.765656
367.000000 436.511414 336.979858
367.000000 652.378479 425.183441
367.000000 480.319122 269.073517
367.000000 748.099121 76.866600
367.000000 95.951340 280.828949
367.000000 195.963486 128.906219
367.000000 588.219666 424.933228
367.000000 984.289551 236.774460
367.000000 636.539795 528.645203
367.000000 164.834412 268.835052
368.000000 698.370728 291.972656
368.000000 469.285828 150.030106
368.000000 493.121155 253.718628
368.000000 612.892456 429.480133
368.000000 312.554352 577.324402
368.000000 604.389954 281.077179
368.000000 596.288391 172.904083
368.000000 628.213074 420.929810
368.000000 792.086670 472.800232
368.000000 188.125122 152.684494
368.000000 792.224915 348.735748
368.000000 580.233643 104.834785
368.000000 736.131165 524.904846
368.000000 176.167297 512.826904
368.000000 440.301086 468.867310
368.000000 264.221375 301.059937
368.000000 839.799683 624.968872
368.000000 647.685181 284.898346
368.000000 72.244041 353.128113
368.000000 160.366028 245.278046
368.000000 536.542480 533.234741
368.000000 309.155151 456.888306
368.000000 773.387207 464.792572
368.000000 241.219986 241.188995
368.000000 812.645508 1.543413
368.000000 744.414368 221.283844
368.000000 400.306763 360.876434
368.000000 156.314270 584.763489
368.000000 100.406212 304.951233
368.000000 412.347473 345.168152
368.000000 748.049683 53.047123
368.000000 960.021484 236.850235
368.000000 776.177856 624.922729
368.000000 184.101746 240.964523
368.000000 660.413879 524.892029
368.000000 360.355835 512.793701
369.000000 682.156799 271.903381
369.000000 569.016113 173.850983
369.000000 232.928833 265.524048
369.000000 560.761719 529.331421
369.000000 628.508301 281.169861
369.000000 492.424866 148.933853
369.000000 144.302872 232.772934
369.000000 840.225281 600.802856
369.000000 768.298218 220.682434
369.000000 508.463104 232.602951
369.000000 556.508179 104.666367
369.000000 148.462051 608.803833
369.000000 420.250946 472.925873
369.000000 68.316078 376.843933
369.000000 772.485779 604.919312
369.000000 604.436951 413.129120
369.000000 288.288086 300.997467
369.000000 792.175232 496.981689
369.000000 808.724548 333.209930
369.000000 176.415482 173.265320
369.000000 684.227661 521.170044
369.000000 632.115479 436.894409
369.000000 763.908630 484.717285
369.000000 756.003540 536.789856
369.000000 196.214890 528.951721
369.000000 172.710464 264.706360
369.000000 193.477188 220.284332
369.000000 105.303032 328.558960
369.000000 304.602661 477.304565
369.000000 380.273071 501.492645
369.000000 935.844788 241.388153
369.000000 659.944153 261.175201
369.000000 744.098755 25.133005
369.000000 384.123901 345.014465
369.000000 308.506866 596.832703
369.000000 336.828583 608.833008
369.000000 376.660950 353.101898
369.000000 396.470459 357.377106
370.000000 314.334595 299.948181
370.000000 545.250183 174.027802
370.000000 653.147217 277.719330
370.000000 124.949997 217.495575
370.000000 580.671387 405.332581
370.000000 792.501587 521.094727
370.000000 212.338028 540.935852
370.000000 200.151260 196.985413
370.000000 756.055359 588.893982
370.000000 228.138062 288.829559
370.000000 164.363342 192.873611
370.000000 68.403427 400.943726
370.000000 588.445129 525.059326
370.000000 740.435547 488.971741
370.000000 840.553284 577.023071
370.000000 672.332886 241.275146
370.000000 395.975159 473.163300
370.000000 707.866150 520.931274
370.000000 188.389557 280.936432
370.000000 756.400085 561.028564
370.000000 532.345459 109.074524
370.000000 108.343079 352.925354
370.000000 912.265503 240.869202
370.000000 828.185242 316.907288
370.000000 652.031616 449.029053
370.000000 351.813751 345.020172
370.000000 515.686951 148.784836
370.000000 299.997162 500.735504
370.000000 368.525970 368.991638
370.000000 520.675598 217.350784
370.000000 792.717041 221.221191
370.000000 308.949554 621.096741
370.000000 749.024475 1.391365
370.000000 400.608795 489.502655
370.000000 736.471130 33.309547
370.000000 892.486206 629.161987
370.000000 148.423172 633.271362
370.000000 752.349304 13.396263
370.000000 320.246796 593.099060
371.000000 526.192810 183.890503
371.000000 301.025726 577.917786
371.000000 608.903503 525.623840
371.000000 508.698730 109.487289
371.000000 840.519287 553.374023
371.000000 792.297546 545.163513
371.000000 540.061523 144.956924
371.000000 336.162354 296.876923
371.000000 548.092468 212.786362
371.000000 104.155952 208.723145
371.000000 728.118164 516.758484
371.000000 224.099014 308.843903
371.000000 152.095810 216.960251
371.000000 108.192619 376.940125
371.000000 372.276398 477.007629
371.000000 680.301270 217.191788
371.000000 676.134460 285.100311
371.000000 756.019653 585.005432
371.000000 556.260010 397.060394
371.000000 424.169678 481.140991
371.000000 204.182205 301.180054
371.000000 716.349243 489.083435
371.000000 840.536377 301.085876
371.000000 68.854195 425.306427
371.000000 232.748352 557.501038
371.000000 732.686218 57.275948
371.000000 292.526520 528.838928
371.000000 204.435776 172.829987
371.000000 888.389343 248.997910
371.000000 744.268005 569.153931
371.000000 332.073944 337.038208
371.000000 672.171936 468.923981
371.000000 648.509766 253.054886
371.000000 880.461121 613.158081
371.000000 812.430054 217.066757
371.000000 344.349518 376.923889
372.000000 842.449158 532.011047
372.000000 693.266174 302.165894
372.000000 689.237122 481.870422
372.000000 569.003052 213.659607
372.000000 348.640869 481.493011
372.000000 84.442909 193.148529
372.000000 360.344757 292.973724
372.000000 864.357727 601.062622
372.000000 756.192261 608.927795
372.000000 796.284851 568.722107
372.000000 728.319214 548.725220
372.000000 140.269684 236.820847
372.000000 564.220215 144.901779
372.000000 484.394775 108.784836
372.000000 864.765137 297.028015
372.000000 728.683655 81.557922
372.000000 255.802612 569.383179
372.000000 503.815094 193.031738
372.000000 692.415710 197.051300
372.000000 624.303406 253.119995
372.000000 632.234985 521.090637
372.000000 320.162079 316.899628
372.000000 288.206543 552.779114
372.000000 68.300270 448.913391
372.000000 740.232239 497.094849
372.000000 536.190430 392.952667
372.000000 328.183441 388.696899
372.000000 220.268524 332.728851
372.000000 216.292526 152.877029
372.000000 976.287170 137.007233
372.000000 868.049316 260.962799
372.000000 444.033691 468.887848
372.000000 112.121811 400.952576
372.000000 836.045532 216.957336
372.000000 216.235764 316.901245
372.000000 156.264603 612.786743
372.000000 88.266464 584.841614
373.000000 602.285461 251.800659
373.000000 849.164307 581.855652
373.000000 701.021912 177.564697
373.000000 840.820496 505.387451
373.000000 324.467255 485.298340
373.000000 712.290222 533.108154
373.000000 592.223511 208.955612
373.000000 64.634201 180.960358
373.000000 712.681030 312.789276
373.000000 300.715454 300.525513
373.000000 656.719482 520.498657
373.000000 128.397186 256.796722
373.000000 848.019592 272.956757
373.000000 708.038452 496.808868
373.000000 468.124481 460.883850
373.000000 888.125916 297.152466
373.000000 159.862305 589.068420
373.000000 271.829498 580.959045
373.000000 304.264648 397.001434
373.000000 236.223328 337.034790
373.000000 724.204346 104.984116
373.000000 588.293152 144.822372
373.000000 460.358032 108.788681
373.000000 268.396027 544.946472
373.000000 796.315308 593.130493
373.000000 488.080627 204.988174
373.000000 384.116669 292.663330
373.000000 116.217834 428.653442
373.000000 512.322327 384.850281
373.000000 68.287971 473.046234
373.000000 952.058105 137.039169
373.000000 748.206970 472.973267
373.000000 860.486511 213.007126
373.000000 240.493942 148.984741
373.000000 212.532501 352.866058
373.000000 84.647064 564.880859
373.000000 240.454773 617.099792
373.000000 276.281281 605.254761
373.000000 668.212280 493.179901
374.000000 578.174500 252.024612
374.000000 733.260498 329.926147
374.000000 841.256042 481.604065
374.000000 829.100891 285.476776
374.000000 408.801453 289.382538
374.000000 244.679245 533.107483
374.000000 612.530273 140.936188
374.000000 716.395020 128.998627
374.000000 616.108704 208.902603
374.000000 468.199158 220.749603
374.000000 680.364868 520.746338
374.000000 796.430542 616.873108
374.000000 116.359421 276.955475
374.000000 756.379883 452.792877
374.000000 912.432617 292.785004
374.000000 436.316833 112.983757
374.000000 708.018616 152.883240
374.000000 299.929321 484.804352
374.000000 264.312134 148.895920
374.000000 644.265747 501.006287
374.000000 160.227707 565.034180
374.000000 836.298218 560.907654
374.000000 724.253296 512.885986
374.000000 696.229675 512.966064
374.000000 488.232147 449.068726
374.000000 40.226501 164.965729
374.000000 884.148071 212.756104
374.000000 928.232605 132.687576
374.000000 280.403870 404.823212
374.000000 284.289398 285.102142
374.000000 208.022217 377.172913
374.000000 488.162933 381.084045
374.000000 116.500801 449.109680
374.000000 72.427383 497.105652
374.000000 288.617828 597.052063
374.000000 252.599365 608.968262
374.000000 252.427612 357.065918
374.000000 88.337288 537.204102
375.000000 554.314270 252.065964
375.000000 841.340088 458.129944
375.000000 277.206543 493.847961
375.000000 677.008240 505.657013
375.000000 820.668945 545.495117
375.000000 164.520752 541.197754
375.000000 752.417480 340.986847
375.000000 448.384979 233.036697
375.000000 744.204956 528.963318
375.000000 288.268677 148.802277
375.000000 640.372253 208.770203
375.000000 224.363708 520.823975
375.000000 712.241211 128.912491
375.000000 636.272766 140.828796
375.000000 704.458923 528.892151
375.000000 764.358276 429.077698
375.000000 268.107941 368.980865
375.000000 412.041473 112.911407
375.000000 268.410400 264.999634
375.000000 620.401367 501.137268
375.000000 808.334290 297.176239
375.000000 428.368591 289.065765
375.000000 464.318542 373.069672
375.000000 104.200882 297.165039
375.000000 936.201721 293.282776
375.000000 512.166138 441.188995
375.000000 268.273193 424.956146
375.000000 20.420181 164.911499
375.000000 276.568024 605.026428
375.000000 904.448242 133.178543
375.000000 200.249863 405.132263
375.000000 908.389587 217.108551
375.000000 364.531342 621.197083
375.000000 292.513214 617.177795
375.000000 68.509537 521.153442
375.000000 752.326477 1.140380
375.000000 124.178612 469.173462
375.000000 708.178162 153.243851
376.000000 662.214417 140.085266
376.000000 253.215302 498.079529
376.000000 773.149536 357.742645
376.000000 652.927002 501.538483
376.000000 168.586990 517.385315
376.000000 840.381409 433.160797
376.000000 724.231506 541.015076
376.000000 528.170471 248.971603
376.000000 204.114014 508.831268
376.000000 804.263550 524.721558
376.000000 788.377319 312.820038
376.000000 768.305603 405.002533
376.000000 664.164307 205.109894
376.000000 720.125916 109.040100
376.000000 444.157501 365.038055
376.000000 760.175049 545.195618
376.000000 300.025848 605.098267
376.000000 312.024231 149.021561
376.000000 456.510498 285.145325
376.000000 704.432434 173.313141
376.000000 432.333740 249.362518
376.000000 532.409241 429.193665
376.000000 196.452972 429.128387
376.000000 292.501068 377.207123
376.000000 388.461731 113.343658
376.000000 256.345337 445.243256
376.000000 256.233337 244.959229
376.000000 964.247070 292.898682
376.000000 368.264435 597.016479
376.000000 92.230949 317.184387
376.000000 931.984497 217.235962
376.000000 752.106995 29.192055
376.000000 236.339584 617.204651
376.000000 4.466578 101.206657
376.000000 596.642578 505.192505
376.000000 0.624680 165.119934
376.000000 72.603943 545.177368
376.000000 884.615356 133.340927
377.000000 790.253601 512.027283
377.000000 685.254517 138.094635
377.000000 229.131897 497.816772
377.000000 236.936859 229.624542
377.000000 780.682190 561.499451
377.000000 792.481140 369.291595
377.000000 840.413330 409.143097
377.000000 416.332764 269.158600
377.000000 628.252075 501.056030
377.000000 692.377625 204.955429
377.000000 504.455841 249.003052
377.000000 768.409302 325.137970
377.000000 776.213684 381.231323
377.000000 420.201233 357.056976
377.000000 744.223755 549.035339
377.000000 724.147095 85.213997
377.000000 479.883270 285.113129
377.000000 955.800537 216.999817
377.000000 336.236664 145.039673
377.000000 576.133301 509.068481
377.000000 320.071991 601.050598
377.000000 28.138367 100.894524
377.000000 192.216873 448.888397
377.000000 192.248077 489.030945
377.000000 752.296936 53.180779
377.000000 556.266907 421.117004
377.000000 84.236313 340.911346
377.000000 364.254181 116.904434
377.000000 368.334869 573.042419
377.000000 244.327972 465.217438
377.000000 168.135406 493.180359
377.000000 316.149963 385.065369
377.000000 988.215881 289.077057
377.000000 860.197815 129.052536
377.000000 240.242874 597.040527
377.000000 68.182953 569.000977
377.000000 152.177673 505.042053
377.000000 96.119263 465.161530
378.000000 730.203308 63.942848
378.000000 249.151672 573.958130
378.000000 769.249268 561.609131
378.000000 605.123047 497.453247
378.000000 480.634430 249.480408
378.000000 708.306885 133.265213
378.000000 840.076965 385.016357
378.000000 772.220398 493.013458
378.000000 576.286682 408.957520
378.000000 232.493698 484.854340
378.000000 360.546448 140.846451
378.000000 748.362976 336.969971
378.000000 404.107910 289.107300
378.000000 692.129150 220.958237
378.000000 716.276917 204.991730
378.000000 84.217606 365.206940
378.000000 371.969788 549.083191
378.000000 51.902508 100.959259
378.000000 340.260040 117.008255
378.000000 344.215668 597.073792
378.000000 176.219193 521.071167
378.000000 396.285400 348.932007
378.000000 172.298508 468.906830
378.000000 340.291565 389.030670
378.000000 792.231079 577.185974
378.000000 220.108063 209.108368
378.000000 68.063400 592.869934
378.000000 500.042236 280.840881
378.000000 980.067261 216.926239
378.000000 808.111816 385.026184
378.000000 795.988708 369.039978
378.000000 552.112976 513.044678
378.000000 188.276947 469.084595
378.000000 840.338318 133.072174
378.000000 220.346313 517.085938
378.000000 92.165970 445.117035
378.000000 560.092529 469.184814
379.000000 458.213135 247.878006
379.000000 389.216278 309.887695
379.000000 677.152710 237.586990
379.000000 372.935547 525.447754
379.000000 836.669800 361.330139
379.000000 732.477478 133.021179
379.000000 260.311920 552.772949
379.000000 812.248169 348.876343
379.000000 752.024658 480.795959
379.000000 792.132935 596.629578
379.000000 808.107788 408.735199
379.000000 220.047455 540.890442
379.000000 383.903412 140.902603
379.000000 580.051147 492.694092
379.000000 600.271179 400.766541
379.000000 76.123978 104.989418
379.000000 67.831696 616.888000
379.000000 739.745300 204.814178
379.000000 528.079468 280.883789
379.000000 736.031738 356.936066
379.000000 204.004166 192.936249
379.000000 80.039200 388.809753
379.000000 368.073303 596.774109
379.000000 220.119736 504.885925
379.000000 772.101807 581.032166
379.000000 376.015045 344.964111
379.000000 187.995331 444.754822
379.000000 191.999985 532.755981
379.000000 316.016998 116.881897
379.000000 816.046997 133.011337
379.000000 91.947136 421.001953
379.000000 364.083557 392.975586
379.000000 172.227051 445.035248
379.000000 736.195435 37.041771
379.000000 704.193970 61.016010
379.000000 528.131409 516.948792
379.000000 176.094955 496.957397
380.000000 730.240356 479.965881
380.000000 373.142975 502.003204
380.000000 392.998688 593.650330
380.000000 432.756866 245.451462
380.000000 808.495667 433.306641
380.000000 384.382477 401.049469
380.000000 620.268555 388.929108
380.000000 764.215698 201.048965
380.000000 791.936340 136.969391
380.000000 95.915329 116.768661
380.000000 555.957825 492.744659
380.000000 651.992859 244.767105
380.000000 188.203003 172.786713
380.000000 220.459763 564.643921
380.000000 792.554504 624.758606
380.000000 408.321655 137.069992
380.000000 79.877716 413.040375
380.000000 731.771057 381.004639
380.000000 548.236145 281.039062
380.000000 280.222076 545.074585
380.000000 376.236420 325.071045
380.000000 292.259521 116.928520
380.000000 756.257446 128.890320
380.000000 180.252991 421.009064
380.000000 504.183014 521.152832
380.000000 820.081848 341.059296
380.000000 208.040009 524.782959
380.000000 772.072876 604.726746
380.000000 800.109680 604.830261
380.000000 828.156616 332.951111
380.000000 684.021545 60.973114
380.000000 740.086365 12.973549
380.000000 360.207916 325.056763
380.000000 176.094406 521.162354
380.000000 96.156975 397.232758
380.000000 88.138031 393.132019
380.000000 212.324570 541.103760
381.000000 410.292603 248.057755
381.000000 377.187897 478.114014
381.000000 573.119385 277.789917
381.000000 808.966492 457.558289
381.000000 804.665527 325.400574
381.000000 416.528961 593.137573
381.000000 632.450745 257.012421
381.000000 704.394104 469.146637
381.000000 728.302185 401.062164
381.000000 184.535294 396.910583
381.000000 660.692993 61.038254
381.000000 532.565430 489.282532
381.000000 432.233673 137.341110
381.000000 112.248672 133.118225
381.000000 172.587631 157.158386
381.000000 344.599091 309.427521
381.000000 360.488098 345.100189
381.000000 788.561035 588.949097
381.000000 268.773529 121.243774
381.000000 96.575821 373.284180
381.000000 644.408569 381.228790
381.000000 844.354126 317.052094
381.000000 784.418030 197.043457
381.000000 224.419876 589.204102
381.000000 84.502159 437.365814
381.000000 232.453781 557.233459
381.000000 204.359543 548.899902
381.000000 408.343414 408.801086
381.000000 304.409973 536.925598
381.000000 480.392426 525.110229
381.000000 780.220581 133.090714
381.000000 168.236588 541.028931
381.000000 768.395264 137.124924
381.000000 704.666809 57.241066
381.000000 332.948883 589.256836
381.000000 773.103577 632.956299
382.000000 598.194763 279.976257
382.000000 773.047241 569.993164
382.000000 636.948547 61.661469
382.000000 440.758759 589.462219
382.000000 808.493652 481.333710
382.000000 384.377258 245.074936
382.000000 180.192200 372.880005
382.000000 724.094299 424.878357
382.000000 808.024109 196.761612
382.000000 312.221039 568.631226
382.000000 512.343994 484.688080
382.000000 664.459839 368.821808
382.000000 128.510468 152.937439
382.000000 456.727386 136.895905
382.000000 156.760071 141.007721
382.000000 684.580750 461.264374
382.000000 104.255676 353.083282
382.000000 324.030090 524.959900
382.000000 788.607239 309.164246
382.000000 704.629089 85.292114
382.000000 344.636047 365.253235
382.000000 244.744965 120.849380
382.000000 224.785278 612.641724
382.000000 328.786621 288.880035
382.000000 864.553955 297.260101
382.000000 164.234497 565.234314
382.000000 388.022095 456.937134
382.000000 607.999268 264.821930
382.000000 252.057663 572.879333
382.000000 196.101486 572.976135
382.000000 432.087402 416.971344
382.000000 456.248383 524.951782
382.000000 744.434509 133.073288
382.000000 84.355995 461.183899
382.000000 784.229004 109.191055
383.000000 774.313049 292.092896
383.000000 721.224426 450.094757
383.000000 621.124634 273.773041
383.000000 756.903320 549.599426
383.000000 360.601593 245.436462
383.000000 832.437622 197.159027
383.000000 144.281097 168.998306
383.000000 464.148468 585.010681
383.000000 612.019470 60.903122
383.000000 292.085632 552.772278
383.000000 112.205734 328.794739
383.000000 812.230286 504.870453
383.000000 660.225525 456.934692
383.000000 140.281326 124.898247
383.000000 312.428009 272.997864
383.000000 700.380676 109.130196
383.000000 332.285614 385.060425
383.000000 720.206665 129.013519
383.000000 220.811646 125.175232
383.000000 684.701294 357.347748
383.000000 880.604553 281.378387
383.000000 588.622559 277.178345
383.000000 484.583801 485.088531
383.000000 272.881683 581.227600
383.000000 401.814667 433.708588
383.000000 345.319641 517.706543
383.000000 457.343292 421.164642
383.000000 481.042908 137.294067
383.000000 156.537109 589.697205
383.000000 80.326469 485.894714
383.000000 784.189758 85.634186
383.000000 432.274292 529.410889
383.000000 184.468307 349.355957
383.000000 196.498932 597.315002
384.000000 638.231140 452.021027
384.000000 337.155701 246.040970
384.000000 161.140564 189.723007
384.000000 120.978424 305.523407
384.000000 488.831848 585.472656
384.000000 324.542358 409.199982
384.000000 504.493866 132.979233
384.000000 276.473938 541.147034
384.000000 644.331360 277.090424
384.000000 696.514160 132.909637
384.000000 588.607300 64.933372
384.000000 716.532776 473.017426
384.000000 756.330933 273.061218
384.000000 408.302368 412.909027
384.000000 744.425659 528.960083
384.000000 812.297546 529.193298
384.000000 463.950134 481.101318
384.000000 367.998810 505.070007
384.000000 296.819000 253.124954
384.000000 564.875122 285.237457
384.000000 856.716858 197.371765
384.000000 188.446274 325.117096
384.000000 408.497223 532.979553
384.000000 784.598755 61.115913
384.000000 196.437012 125.475990
384.000000 696.105835 337.387573
384.000000 116.344963 120.969528
384.000000 76.841454 509.017670
384.000000 197.346848 621.307251
384.000000 477.507446 429.540802
384.000000 232.965546 621.327393
384.000000 152.779739 613.381104
384.000000 900.756592 273.498383
384.000000 288.523865 597.473938
384.000000 176.455780 325.394470
384.000000 276.303375 605.205505
385.000000 442.273804 480.069580
385.000000 321.140076 430.081085
385.000000 281.038757 237.736496
385.000000 420.907227 393.538818
385.000000 512.545044 581.419922
385.000000 740.321655 253.140427
385.000000 256.168701 524.918274
385.000000 128.114014 281.000397
385.000000 563.948059 64.939941
385.000000 176.024612 204.818375
385.000000 544.195496 296.885651
385.000000 728.424194 513.029663
385.000000 688.397400 153.103180
385.000000 528.202148 128.966888
385.000000 664.387268 289.062469
385.000000 312.355042 245.312088
385.000000 612.095276 445.211823
385.000000 812.049255 553.168762
385.000000 228.413498 601.272278
385.000000 384.036133 537.322998
385.000000 672.125366 125.169868
385.000000 708.697144 316.880432
385.000000 173.138870 300.956116
385.000000 692.876099 481.362976
385.000000 500.534607 437.500427
385.000000 92.563667 125.236488
385.000000 188.371002 148.933792
385.000000 924.254333 273.018829
385.000000 880.121155 193.295792
385.000000 392.414856 493.599304
385.000000 192.628601 301.672119
385.000000 785.304016 37.763519
385.000000 277.998474 605.890747
385.000000 2.166871 205.885712
385.000000 78.639595 538.039673
385.000000 6.194094 126.303177
385.000000 277.467255 634.810425
386.000000 686.386597 180.083893
386.000000 317.194061 454.218048
386.000000 685.098450 305.897125
386.000000 536.920837 581.690247
386.000000 540.747986 65.583618
386.000000 264.432831 221.329681
386.000000 232.205826 573.038330
386.000000 236.139328 513.001709
386.000000 668.002625 480.916412
386.000000 728.157349 232.772476
386.000000 176.354797 168.768463
386.000000 172.452881 276.839325
386.000000 432.304138 368.959259
386.000000 812.199585 577.005127
386.000000 552.279297 129.136292
386.000000 588.216736 437.333984
386.000000 287.915192 241.168198
386.000000 715.880920 293.063202
386.000000 192.283600 277.170685
386.000000 136.161224 261.284393
386.000000 416.017273 477.283508
386.000000 712.036011 497.066528
386.000000 68.544273 120.971970
386.000000 361.426056 541.259277
386.000000 853.365784 621.722107
386.000000 192.469009 221.473953
386.000000 524.626709 308.712646
386.000000 784.886108 12.721293
386.000000 944.554932 269.131042
386.000000 904.360779 197.293625
386.000000 524.200378 441.135010
386.000000 648.295410 125.006371
386.000000 80.346741 561.156494
386.000000 28.036636 125.256615
386.000000 360.135071 629.202820
386.000000 904.460144 181.078262
387.000000 678.303162 204.064941
387.000000 236.989868 554.331909
387.000000 712.969727 217.895935
387.000000 852.908936 597.551147
387.000000 812.545776 601.434326
387.000000 444.278748 349.146820
387.000000 560.265259 576.919800
387.000000 688.246948 492.967773
387.000000 312.107147 476.897461
387.000000 392.107941 472.782623
387.000000 516.106506 68.806816
387.000000 248.057892 200.891556
387.000000 215.875565 501.003479
387.000000 703.912781 316.942291
387.000000 76.147057 585.035706
387.000000 720.247925 269.214447
387.000000 624.142151 125.118614
387.000000 196.209854 257.024658
387.000000 544.574890 453.147339
387.000000 164.487106 189.238953
387.000000 644.318665 485.203339
387.000000 264.074402 241.011490
387.000000 339.929749 540.866577
387.000000 576.221008 129.022491
387.000000 212.740036 241.334610
387.000000 144.814285 237.193909
387.000000 500.712341 316.661072
387.000000 968.819275 268.564575
387.000000 436.641754 473.214050
387.000000 564.471436 433.505127
387.000000 48.189114 221.325897
387.000000 168.398483 253.128235
387.000000 928.807434 185.266907
387.000000 44.555912 117.363304
387.000000 48.495941 125.259834
387.000000 360.528870 601.115601
387.000000 972.414856 229.205261
388.000000 602.067688 127.861534
388.000000 696.939453 197.970749
388.000000 672.900879 225.685364
388.000000 200.787003 485.480347
388.000000 664.645386 489.322906
388.000000 724.489075 332.909485
388.000000 584.411072 572.663818
388.000000 812.453430 625.027649
388.000000 852.161133 569.075195
388.000000 152.228378 236.853745
388.000000 260.336731 548.867981
388.000000 204.481735 237.015762
388.000000 232.379425 181.138321
388.000000 492.326691 68.963058
388.000000 80.332993 608.957947
388.000000 456.096313 465.163391
388.000000 363.736115 576.987732
388.000000 75.773705 128.959198
388.000000 240.362946 241.172836
388.000000 456.535858 329.330688
388.000000 308.593597 501.346039
388.000000 148.750916 213.093689
388.000000 621.001892 489.013733
388.000000 25.126469 117.343735
388.000000 544.558960 421.615906
388.000000 316.101379 545.316589
388.000000 568.043152 452.888733
388.000000 952.059631 196.866318
388.000000 368.292236 477.105347
388.000000 736.204407 249.196747
388.000000 483.973480 328.982208
388.000000 228.160538 256.828186
388.000000 72.407036 228.911133
388.000000 992.329956 269.009064
388.000000 948.350037 229.072464
388.000000 224.203949 249.061417
389.000000 750.194153 231.927704
389.000000 853.275330 545.969421
389.000000 469.227814 309.692932
389.000000 285.061523 549.526306
389.000000 468.586945 69.414536
389.000000 608.301880 573.111389
389.000000 744.094360 344.883820
389.000000 200.197662 461.024353
389.000000 595.966980 492.958618
389.000000 520.138306 412.688263
389.000000 672.245117 192.599701
389.000000 356.267303 496.715393
389.000000 476.103455 456.833984
389.000000 216.216110 164.753220
389.000000 664.345276 248.983200
389.000000 640.153870 489.261200
389.000000 239.913834 276.977478
389.000000 299.765076 524.924255
389.000000 156.242722 192.969589
389.000000 372.203552 556.925354
389.000000 923.988037 232.923370
389.000000 579.852478 136.781418
389.000000 975.841492 204.662140
389.000000 80.018707 632.823242
389.000000 227.948563 237.035080
389.000000 -0.136588 116.904747
389.000000 131.901520 224.565384
389.000000 624.238892 124.542671
389.000000 224.497147 252.812943
389.000000 92.607246 140.941910
389.000000 84.248734 220.793228
389.000000 596.199402 456.946075
390.000000 854.184753 523.921936
390.000000 197.064148 438.000732
390.000000 648.903687 193.734314
390.000000 200.704315 149.542252
390.000000 252.486008 233.282928
390.000000 632.537109 568.844238
390.000000 260.710724 292.738525
390.000000 164.815964 169.281311
390.000000 344.006195 517.374023
390.000000 480.003998 288.957947
390.000000 500.276581 444.848511
390.000000 660.565247 272.899536
390.000000 564.720276 152.912445
390.000000 444.591766 68.635170
390.000000 760.293274 360.607483
390.000000 648.069763 120.962074
390.000000 499.641693 408.909271
390.000000 107.629433 164.882812
390.000000 616.209778 468.958099
390.000000 300.216553 549.029114
390.000000 308.189972 545.042175
390.000000 216.279724 272.868195
390.000000 900.422729 236.783569
390.000000 396.454926 552.936829
390.000000 760.476624 209.251053
390.000000 572.290771 497.237305
390.000000 616.106995 484.884949
390.000000 124.081131 252.746140
390.000000 220.089050 628.857239
390.000000 264.170288 549.005127
390.000000 108.096588 221.015411
390.000000 440.204102 349.063873
390.000000 900.516785 189.122543
391.000000 186.489624 136.046356
391.000000 853.712769 498.085938
391.000000 781.754028 373.955292
391.000000 477.353088 401.813751
391.000000 213.031494 297.748016
391.000000 624.560486 193.330002
391.000000 496.238342 272.892426
391.000000 420.298859 72.991440
391.000000 656.302185 564.916565
391.000000 332.596527 536.749329
391.000000 276.709991 308.797668
391.000000 192.527344 416.871765
391.000000 124.227142 180.894958
391.000000 296.144653 568.798279
391.000000 276.199860 232.930374
391.000000 764.561462 185.237869
391.000000 520.672485 437.083069
391.000000 652.224670 293.098663
391.000000 876.578186 237.164948
391.000000 92.530159 201.235703
391.000000 544.083801 165.263351
391.000000 672.078491 120.908424
391.000000 548.242859 504.754883
391.000000 420.119873 556.906799
391.000000 263.938629 573.035583
391.000000 115.897247 276.864014
391.000000 920.044739 200.579422
391.000000 636.238770 476.561432
391.000000 592.372986 480.798981
391.000000 416.252991 357.062836
391.000000 184.017242 161.086411
391.000000 924.072510 253.008698
391.000000 228.198349 605.041931
391.000000 876.135742 189.085556
392.000000 602.263367 192.000870
392.000000 301.155518 230.103592
392.000000 397.003876 73.899635
392.000000 852.863708 473.722565
392.000000 568.667542 481.575012
392.000000 440.576447 553.182495
392.000000 512.586426 252.836899
392.000000 628.398621 300.992004
392.000000 192.199966 392.888855
392.000000 788.225342 392.683167
392.000000 856.320251 248.729492
392.000000 160.333298 128.834366
392.000000 680.257080 564.870483
392.000000 452.332184 392.652283
392.000000 208.492050 160.727173
392.000000 140.311615 200.965195
392.000000 523.944092 180.818634
392.000000 391.769592 368.692505
392.000000 768.495300 160.937180
392.000000 320.620300 553.260254
392.000000 296.436768 317.354919
392.000000 108.551155 296.999939
392.000000 524.544250 500.757538
392.000000 660.619446 484.892944
392.000000 264.315430 601.169434
392.000000 540.129883 425.102325
392.000000 232.032730 584.804932
392.000000 696.036072 120.748810
392.000000 208.043198 320.884735
392.000000 355.985535 541.028015
392.000000 291.821320 593.032043
392.000000 896.129456 200.950638
392.000000 72.992874 188.942719
392.000000 125.458054 277.135498
392.000000 753.417969 21.483078
392.000000 116.979408 121.392960
393.000000 790.268005 420.173370
393.000000 853.234436 450.197083
393.000000 577.178894 189.839783
393.000000 605.052795 309.591522
393.000000 372.746490 73.461258
393.000000 704.598450 561.149170
393.000000 188.649353 368.963562
393.000000 96.629410 317.179749
393.000000 836.513611 265.119598
393.000000 320.487457 320.904083
393.000000 544.416504 476.884918
393.000000 680.264771 492.945190
393.000000 771.991821 136.976639
393.000000 136.024673 124.794868
393.000000 232.288025 156.868958
393.000000 464.250519 553.063660
393.000000 324.028259 224.937073
393.000000 719.936523 116.875160
393.000000 316.370636 576.934631
393.000000 236.431351 561.044800
393.000000 368.171143 381.109253
393.000000 156.027557 216.968033
393.000000 872.027222 196.877533
393.000000 428.500916 389.025208
393.000000 505.502228 193.468353
393.000000 533.490295 245.421982
393.000000 501.444183 504.903534
393.000000 149.037659 608.983215
393.000000 52.568295 177.442001
393.000000 128.485275 301.642334
393.000000 200.225235 341.569885
393.000000 380.325134 537.426819
393.000000 564.296082 413.402100
393.000000 292.203949 617.343323
393.000000 264.291107 625.295654
393.000000 768.379578 21.180458
393.000000 748.298950 41.175262
394.000000 790.138367 443.880280
394.000000 521.101440 473.854828
394.000000 349.017822 77.553696
394.000000 852.835876 425.400299
394.000000 348.538269 225.281677
394.000000 816.364624 277.084534
394.000000 552.198975 188.964111
394.000000 584.083191 321.021790
394.000000 847.993225 196.954575
394.000000 488.159210 212.850800
394.000000 128.332413 324.865570
394.000000 492.363007 548.978088
394.000000 172.277695 233.069107
394.000000 312.226807 604.947754
394.000000 404.255463 380.992493
394.000000 188.131851 345.232544
394.000000 555.904968 241.078690
394.000000 696.191833 508.832611
394.000000 112.857025 124.981255
394.000000 480.458282 509.280426
394.000000 28.339083 169.285034
394.000000 148.593369 589.086731
394.000000 584.878662 405.005554
394.000000 245.032410 537.221863
394.000000 348.759857 389.699921
394.000000 404.015930 533.605835
394.000000 780.004700 117.043251
394.000000 344.249756 328.969330
394.000000 740.723267 117.244545
394.000000 257.027283 157.664093
394.000000 196.526993 365.604370
394.000000 716.598511 549.363953
394.000000 764.694580 41.481842
394.000000 380.382599 553.488403
394.000000 92.271278 341.447968
395.000000 790.238281 467.955292
395.000000 325.210968 78.013847
395.000000 373.086914 225.712708
395.000000 580.883057 241.533340
395.000000 852.610657 401.401428
395.000000 608.423889 393.195953
395.000000 528.264771 185.049301
395.000000 132.054291 349.063629
395.000000 383.862610 372.960754
395.000000 559.931091 328.837402
395.000000 796.201355 288.874542
395.000000 252.379929 517.045166
395.000000 476.258728 233.164642
395.000000 152.337753 560.924133
395.000000 512.549072 548.949158
395.000000 184.556534 321.181244
395.000000 496.339844 473.069489
395.000000 824.120300 196.935394
395.000000 456.529755 513.063232
395.000000 88.262383 121.264862
395.000000 716.126648 521.304260
395.000000 368.210999 337.106506
395.000000 280.307800 157.035965
395.000000 312.478149 629.181030
395.000000 764.468506 113.422928
395.000000 192.378403 393.267365
395.000000 188.324188 252.902863
395.000000 428.587921 528.846802
395.000000 4.869128 165.099579
395.000000 324.701721 397.530609
395.000000 152.324570 597.446167
395.000000 784.671387 93.305939
395.000000 752.979858 61.587437
395.000000 736.767090 73.652901
395.000000 76.701584 357.509644
395.000000 380.812714 529.365967
396.000000 182.161148 299.941925
396.000000 789.022400 489.914490
396.000000 541.038208 341.600159
396.000000 505.081177 185.462006
396.000000 364.876038 365.531158
396.000000 136.435455 373.312042
396.000000 852.075134 376.875519
396.000000 64.119431 120.826080
396.000000 432.021606 512.775757
396.000000 736.193909 536.670410
396.000000 536.315125 544.671204
396.000000 208.249298 268.720886
396.000000 472.218811 468.758514
396.000000 396.370239 220.704559
396.000000 628.519714 384.831604
396.000000 460.388092 249.053619
396.000000 300.158051 80.950287
396.000000 156.024078 572.906860
396.000000 604.350586 241.003052
396.000000 156.326721 541.084412
396.000000 388.324890 341.063171
396.000000 792.452454 68.901314
396.000000 804.423462 196.919724
396.000000 732.329163 501.099457
396.000000 780.145020 305.260742
396.000000 304.079315 409.058105
396.000000 272.297333 508.725403
396.000000 304.556732 152.757019
396.000000 736.590332 112.980553
396.000000 72.470024 381.152740
396.000000 188.315552 412.977448
396.000000 380.415527 504.818176
396.000000 452.634583 525.142029
396.000000 448.326233 533.305908
396.000000 748.217346 57.260864
396.000000 760.206909 81.112823
397.000000 521.999634 351.897888
397.000000 481.091553 185.793289
397.000000 629.034546 237.457001
397.000000 788.828735 513.298157
397.000000 648.476746 373.231873
397.000000 180.382202 272.957672
397.000000 276.418091 80.785088
397.000000 136.386307 397.018982
397.000000 420.169342 220.952927
397.000000 740.294861 480.697754
397.000000 412.385132 348.672638
397.000000 560.351868 544.749817
397.000000 224.191971 288.810974
397.000000 408.290771 516.663086
397.000000 752.389709 552.701965
397.000000 156.273590 548.987488
397.000000 755.938660 316.904938
397.000000 155.908539 516.821167
397.000000 40.295994 116.938339
397.000000 288.263275 421.077179
397.000000 72.193268 405.058807
397.000000 448.216309 464.898865
397.000000 296.244659 496.908112
397.000000 384.272583 481.092010
397.000000 448.175171 269.223755
397.000000 476.156952 529.020386
397.000000 848.237793 356.723114
397.000000 348.665894 348.792450
397.000000 180.705566 437.200653
397.000000 796.668396 45.559299
397.000000 732.281799 133.427231
397.000000 328.318024 153.131165
397.000000 808.507446 105.117386
397.000000 780.489075 197.186417
397.000000 88.638031 621.147949
397.000000 712.495483 72.969398
398.000000 254.388702 84.049515
398.000000 725.329285 158.248947
398.000000 457.164764 181.882797
398.000000 176.920151 249.544968
398.000000 788.605835 537.289978
398.000000 160.419327 492.959229
398.000000 240.251968 304.724762
398.000000 140.129242 420.735107
398.000000 495.993500 360.662170
398.000000 772.032837 568.558044
398.000000 444.132172 216.592255
398.000000 652.134399 236.695847
398.000000 748.059082 456.795197
398.000000 424.082794 460.719727
398.000000 16.070248 116.737793
398.000000 332.003082 328.902527
398.000000 583.866821 540.817627
398.000000 319.766815 484.738373
398.000000 736.058350 328.780609
398.000000 384.024292 520.816040
398.000000 172.008057 460.815216
398.000000 432.060303 288.748779
398.000000 352.122589 148.744064
398.000000 276.111176 444.902191
398.000000 72.164207 429.072784
398.000000 436.134308 356.986816
398.000000 660.173584 352.772278
398.000000 800.323853 24.760902
398.000000 832.329102 616.980408
398.000000 832.465088 341.242065
398.000000 88.271255 597.287476
398.000000 496.316406 529.217529
398.000000 332.461731 609.349854
398.000000 756.435852 197.473434
398.000000 396.513824 621.390625
398.000000 392.552368 461.182251
398.000000 808.541870 73.178741
398.000000 156.712051 525.356628
398.000000 768.986694 629.201965
399.000000 230.337997 84.046898
399.000000 361.279083 526.059998
399.000000 469.218109 217.756470
399.000000 817.161255 321.541473
399.000000 164.896759 469.434448
399.000000 432.744263 181.191986
399.000000 756.598083 432.992950
399.000000 144.425323 445.086212
399.000000 316.431244 308.979980
399.000000 676.648193 236.863617
399.000000 400.677704 460.902588
399.000000 264.639160 465.054596
399.000000 724.448853 349.176544
399.000000 256.478516 321.023499
399.000000 400.577545 593.057434
399.000000 764.427063 609.246826
399.000000 164.150040 229.084259
399.000000 672.075806 328.967621
399.000000 92.501663 569.041565
399.000000 416.464905 309.135864
399.000000 476.385895 369.173859
399.000000 520.315613 525.068176
399.000000 612.197021 541.057007
399.000000 340.260925 477.177338
399.000000 816.370667 597.359070
399.000000 788.668274 561.255798
399.000000 813.031250 48.959206
399.000000 405.351257 436.970001
399.000000 173.102341 485.403015
399.000000 24.754313 193.751297
399.000000 376.482300 149.613510
399.000000 808.782104 1.421483
399.000000 72.964973 453.492462
399.000000 332.759460 589.471069
399.000000 788.641052 585.395142
399.000000 456.588135 365.245544
399.000000 720.495911 189.272095
399.000000 0.417210 117.364693
