360.000000 277.335480 171.541794
360.000000 183.575867 442.945709
360.000000 371.855133 486.891602
360.000000 247.707138 515.054443
360.000000 555.550049 239.159485
360.000000 823.551392 439.210693
360.000000 399.606628 423.233093
360.000000 415.648682 231.196060
360.000000 223.728043 479.155762
360.000000 635.691284 451.269379
360.000000 387.498962 291.447174
360.000000 143.461243 435.583679
360.000000 587.407776 419.722992
360.000000 803.267395 491.856964
360.000000 275.211975 559.953003
360.000000 859.116211 319.953247
360.000000 627.384338 135.760574
360.000000 755.790466 307.649994
360.000000 127.625679 347.753235
360.000000 431.434662 383.813507
360.000000 407.530243 607.821350
360.000000 507.388367 403.858704
360.000000 415.392883 303.835266
360.000000 151.478027 159.811646
360.000000 835.620300 555.781067
360.000000 703.729431 515.771179
360.000000 779.478394 195.851685
360.000000 351.114349 103.853256
360.000000 591.528076 271.707458
360.000000 555.714233 507.742737
360.000000 979.584290 183.862305
360.000000 419.582153 455.894043
360.000000 203.628891 407.919403
360.000000 763.535522 91.981972
360.000000 791.452881 188.055923
360.000000 31.421852 212.150238
360.000000 471.406433 552.217590
361.000000 125.528427 371.634125
361.000000 367.564819 511.134155
361.000000 651.892822 135.149246
361.000000 579.734131 239.296326
361.000000 851.694275 571.370300
361.000000 303.778320 167.401672
361.000000 263.751801 571.455017
361.000000 391.725494 231.503708
361.000000 411.932861 399.504517
361.000000 407.978973 583.571411
361.000000 839.714050 331.691467
361.000000 791.658325 475.740845
361.000000 395.679504 455.846313
361.000000 195.581161 428.029816
361.000000 611.510193 456.133118
361.000000 439.529572 300.079742
361.000000 371.663116 311.945862
361.000000 455.778076 391.928741
361.000000 567.809326 284.026855
361.000000 227.654419 456.097656
361.000000 183.562973 420.074799
361.000000 563.908142 412.070374
361.000000 775.765991 320.199158
361.000000 527.359009 392.252441
361.000000 707.558044 496.157928
361.000000 235.822754 536.099609
361.000000 327.798706 108.134781
361.000000 807.838867 424.089905
361.000000 579.912964 508.061096
361.000000 499.646759 548.210388
361.000000 131.398788 144.318604
361.000000 143.348572 408.313568
361.000000 767.386719 188.258209
361.000000 747.393921 104.186623
361.000000 55.532516 216.128143
361.000000 783.620483 172.144653
361.000000 267.597992 632.118164
361.000000 123.585457 207.966995
362.000000 261.867188 595.649170
362.000000 327.573853 167.323044
362.000000 179.840576 395.347412
362.000000 675.797668 135.371185
362.000000 192.048279 451.370392
362.000000 588.095642 455.446106
362.000000 363.780548 535.610107
362.000000 223.862488 555.608704
362.000000 148.079803 387.626190
362.000000 423.974152 379.811829
362.000000 603.692017 504.012146
362.000000 231.694107 431.993805
362.000000 367.898560 231.846741
362.000000 360.046875 331.767670
362.000000 303.773895 107.924294
362.000000 551.242554 380.095215
362.000000 795.571838 336.082001
362.000000 852.042419 596.058411
362.000000 131.971390 396.096161
362.000000 475.751099 396.070923
362.000000 603.848511 239.983246
362.000000 791.939087 404.021973
362.000000 743.735535 188.181412
362.000000 819.726257 344.227600
362.000000 407.765747 560.253418
362.000000 371.727356 452.352570
362.000000 539.692749 408.419800
362.000000 715.759277 472.444946
362.000000 107.735634 144.496475
362.000000 463.551514 300.459015
362.000000 547.656616 296.209473
362.000000 728.006165 103.942184
362.000000 792.026855 151.829620
362.000000 519.841370 547.789856
362.000000 767.794739 467.786469
362.000000 75.770592 219.853058
362.000000 115.780090 227.895370
362.000000 51.764893 171.902679
362.000000 31.659201 215.933395
363.000000 626.175720 235.348373
363.000000 263.189178 619.132935
363.000000 155.655487 363.092560
363.000000 563.778198 459.276703
363.000000 699.810791 131.441757
363.000000 343.780670 227.580124
363.000000 851.719849 619.656250
363.000000 703.637878 107.693680
363.000000 359.437988 471.679352
363.000000 795.561951 359.609894
363.000000 499.895630 403.535065
363.000000 231.885696 407.622894
363.000000 527.832703 303.759308
363.000000 435.764282 359.884735
363.000000 359.853302 559.951782
363.000000 795.880737 127.985481
363.000000 279.770935 107.981697
363.000000 719.710449 183.978134
363.000000 487.775848 295.963440
363.000000 211.792313 579.928650
363.000000 183.875992 475.892944
363.000000 747.867249 459.989288
363.000000 135.658508 420.117950
363.000000 343.611603 348.214722
363.000000 175.606430 372.290497
363.000000 351.568604 168.332397
363.000000 575.577454 372.292572
363.000000 83.647301 144.202789
363.000000 775.754395 384.157257
363.000000 627.718628 500.150574
363.000000 423.680542 544.103943
363.000000 543.767578 544.073730
363.000000 75.705688 172.131790
363.000000 519.589600 400.131866
363.000000 723.727356 452.034058
363.000000 279.831085 587.988892
363.000000 51.820580 224.025909
363.000000 99.759132 248.085236
363.000000 95.662086 240.101089
364.000000 721.755432 131.581070
364.000000 175.463699 347.339294
364.000000 319.810944 227.399124
364.000000 651.791260 235.535645
364.000000 539.737488 463.628876
364.000000 159.418442 339.819916
364.000000 235.025803 383.960236
364.000000 679.269470 107.728500
364.000000 375.684143 163.549850
364.000000 695.806824 183.558701
364.000000 447.620911 543.653625
364.000000 355.662262 583.626587
364.000000 135.838913 443.600525
364.000000 763.755188 367.644440
364.000000 507.692841 315.715515
364.000000 731.617004 427.825256
364.000000 347.713806 495.863892
364.000000 179.902313 499.868958
364.000000 803.869385 103.940681
364.000000 595.793518 359.979828
364.000000 723.760193 455.983124
364.000000 795.729065 384.021729
364.000000 199.610855 600.089111
364.000000 567.592896 544.136597
364.000000 511.564697 296.155182
364.000000 327.613068 368.127472
364.000000 651.622620 500.091766
364.000000 495.637726 392.044525
364.000000 255.722626 112.010597
364.000000 523.668335 412.015442
364.000000 447.668854 339.958832
364.000000 59.761303 143.907593
364.000000 91.750885 271.937775
364.000000 283.670471 563.917542
364.000000 79.670692 231.854660
364.000000 95.745926 183.779816
365.000000 237.733383 359.561279
365.000000 675.675049 231.198151
365.000000 515.962219 467.317657
365.000000 471.788300 387.520538
365.000000 323.709412 391.605743
365.000000 747.714600 347.669647
365.000000 295.781921 227.671402
365.000000 676.015503 499.608856
365.000000 299.861053 547.696777
365.000000 699.439209 447.869141
365.000000 671.242676 183.922836
365.000000 399.403992 163.805054
365.000000 139.681763 467.803497
365.000000 483.732239 323.989777
365.000000 655.679077 108.102333
365.000000 351.760651 608.045715
365.000000 807.767029 79.926567
365.000000 235.819443 111.844246
365.000000 591.818665 539.928894
365.000000 743.452881 408.027710
365.000000 335.713654 515.942078
365.000000 36.015648 139.901367
365.000000 747.927612 131.945389
365.000000 471.912933 543.960876
365.000000 187.894363 619.975586
365.000000 791.899841 408.010986
365.000000 619.833557 352.065308
365.000000 171.786667 320.072632
365.000000 535.872009 292.060272
365.000000 175.834732 520.057129
365.000000 79.836121 291.975220
365.000000 95.957123 239.903809
365.000000 455.858398 315.958038
365.000000 543.635437 420.035797
365.000000 111.648254 204.070587
366.000000 697.682190 231.636826
366.000000 319.658142 535.387207
366.000000 447.764984 379.577606
366.000000 731.625488 331.722778
366.000000 467.611481 295.652313
366.000000 423.693512 159.576477
366.000000 763.663513 391.629547
366.000000 319.707886 415.695160
366.000000 143.791275 487.830688
366.000000 459.745911 331.994476
366.000000 675.764160 439.991699
366.000000 811.860168 56.066441
366.000000 243.464951 336.274963
366.000000 491.045990 472.270538
366.000000 271.453583 224.078049
366.000000 559.757996 292.109436
366.000000 495.522461 540.328308
366.000000 71.382645 316.294281
366.000000 567.558472 424.071991
366.000000 795.748840 431.891144
366.000000 127.664902 219.848618
366.000000 631.606934 111.905373
366.000000 695.662170 511.943115
366.000000 647.676880 183.948883
366.000000 167.679901 543.905151
366.000000 615.821960 535.844482
366.000000 751.889099 107.850281
366.000000 211.807907 115.838982
366.000000 351.915588 627.815002
366.000000 15.887246 139.896667
366.000000 631.689697 332.014587
366.000000 99.653374 264.113098
366.000000 175.654434 296.226898
367.000000 445.491089 159.603622
367.000000 315.841949 555.300293
367.000000 592.048279 431.509247
367.000000 723.956665 231.687759
367.000000 243.843613 311.784698
367.000000 607.741882 111.817360
367.000000 315.733337 439.733429
367.000000 247.833115 223.569382
367.000000 751.949585 83.494255
367.000000 715.916443 311.563843
367.000000 643.759399 311.714386
367.000000 583.678284 287.875122
367.000000 423.664764 372.096954
367.000000 639.606995 536.202576
367.000000 75.623627 340.065033
367.000000 795.888367 455.983063
367.000000 655.871155 432.064240
367.000000 623.442749 180.042892
367.000000 143.359665 235.882233
367.000000 719.663940 523.815735
367.000000 439.569580 343.932251
367.000000 815.631775 31.998232
367.000000 163.712585 568.024841
367.000000 779.860107 376.113770
367.000000 519.521484 540.191040
367.000000 467.416748 472.109985
367.000000 163.587952 503.988190
367.000000 199.629898 135.949112
367.000000 483.633820 275.964874
367.000000 103.548462 288.041016
367.000000 339.610657 528.059631
367.000000 179.785614 272.096039
367.000000 987.600769 244.247147
367.000000 167.411499 276.257050
367.000000 779.520630 448.102264
368.000000 605.527649 287.579132
368.000000 631.710571 427.062836
368.000000 584.083618 111.125198
368.000000 311.915100 459.280762
368.000000 739.703491 531.435364
368.000000 191.634796 159.557144
368.000000 159.603516 251.698700
368.000000 179.600723 519.805908
368.000000 699.716370 295.909302
368.000000 315.740784 580.092468
368.000000 775.562683 472.205841
368.000000 495.652466 260.121796
368.000000 599.826416 180.043961
368.000000 543.754272 536.102051
368.000000 795.724915 356.081238
368.000000 471.716675 156.043762
368.000000 815.726624 12.120498
368.000000 443.736450 476.231415
368.000000 615.661194 436.214935
368.000000 663.848694 532.102112
368.000000 104.108284 312.086609
368.000000 651.779358 292.225342
368.000000 243.063904 248.251953
368.000000 159.336975 592.156067
368.000000 71.525696 360.174347
368.000000 363.564026 520.197021
368.000000 963.704956 248.149002
368.000000 267.862671 308.131561
368.000000 795.766846 480.154755
368.000000 751.487183 60.129059
368.000000 747.547607 232.057785
368.000000 419.602997 352.101593
368.000000 843.501709 632.234314
368.000000 403.588348 368.248352
368.000000 187.687469 248.258820
368.000000 783.548157 636.279053
369.000000 493.698608 155.704865
369.000000 843.665466 607.367188
369.000000 683.943115 275.474152
369.000000 307.863037 483.608368
369.000000 511.768951 239.686295
369.000000 759.807678 543.706909
369.000000 239.832474 271.730591
369.000000 383.792175 507.747131
369.000000 575.848877 179.742111
369.000000 567.833740 535.837280
369.000000 771.603882 228.000717
369.000000 147.581863 236.046600
369.000000 811.676575 340.086731
369.000000 195.654938 228.138687
369.000000 175.558029 272.139282
369.000000 607.598999 419.979279
369.000000 664.053650 271.769501
369.000000 940.071899 247.851501
369.000000 419.786743 480.037262
369.000000 751.210510 36.082382
369.000000 379.153595 360.083038
369.000000 559.578918 116.078514
369.000000 795.769958 504.143372
369.000000 775.714844 616.138977
369.000000 179.705307 180.065536
369.000000 768.028931 492.058441
369.000000 635.797180 444.253845
369.000000 339.354614 616.290894
369.000000 687.409912 528.227478
369.000000 311.568726 604.182068
369.000000 631.722412 284.134674
369.000000 71.716331 384.123596
369.000000 107.711441 336.116119
369.000000 195.758728 532.154907
369.000000 155.405487 616.223328
369.000000 287.500214 308.213287
369.000000 395.817657 364.235840
370.000000 653.711426 283.660095
370.000000 191.693680 287.302917
370.000000 204.032623 203.364349
370.000000 231.873276 295.454407
370.000000 551.718567 179.491547
370.000000 843.751709 583.483643
370.000000 759.830750 595.517517
370.000000 111.878014 359.602051
370.000000 519.899170 155.672028
370.000000 583.806274 411.769531
370.000000 303.682312 507.865540
370.000000 323.677948 599.851807
370.000000 675.837402 247.829315
370.000000 535.870117 115.867638
370.000000 371.909363 375.885284
370.000000 759.860535 567.943420
370.000000 711.703552 528.146057
370.000000 655.670593 456.303436
370.000000 799.708862 528.348755
370.000000 591.601318 532.269348
370.000000 167.675034 200.061890
370.000000 395.819580 484.039307
370.000000 127.583900 224.190948
370.000000 795.422852 228.292465
370.000000 311.410828 304.327942
370.000000 311.405548 628.273560
370.000000 915.608826 252.220398
370.000000 215.951019 548.216553
370.000000 827.806641 324.168579
370.000000 355.802917 352.081024
370.000000 71.772141 408.042725
370.000000 751.629944 12.058480
370.000000 747.543457 496.065582
370.000000 407.442108 496.093781
370.000000 527.648865 224.093018
370.000000 739.883545 44.113857
370.000000 91.800682 636.190552
370.000000 151.668411 640.149048
371.000000 301.636169 583.524048
371.000000 543.770081 151.112747
371.000000 208.009354 307.152893
371.000000 528.071472 187.249329
371.000000 299.904724 531.371460
371.000000 759.438416 591.506531
371.000000 843.433289 559.462463
371.000000 511.899719 115.356247
371.000000 156.042480 219.354797
371.000000 551.864014 219.496857
371.000000 427.750458 487.557434
371.000000 615.814514 531.637329
371.000000 799.742737 551.844177
371.000000 735.609253 68.056831
371.000000 651.585632 260.198334
371.000000 675.605164 472.237213
371.000000 111.641693 384.138092
371.000000 235.756424 559.948120
371.000000 207.921402 179.823227
371.000000 843.833191 307.866943
371.000000 719.830872 496.041077
371.000000 335.869171 344.243774
371.000000 71.779755 436.308899
371.000000 227.750916 316.189545
371.000000 683.845459 228.009094
371.000000 895.831543 255.823914
371.000000 351.949188 383.685364
371.000000 371.819183 487.796631
371.000000 819.787781 224.004944
371.000000 107.618629 216.176056
371.000000 559.455261 408.245300
371.000000 735.681274 524.213745
371.000000 679.777405 292.224304
371.000000 335.778046 304.163666
371.000000 91.809937 616.078674
371.000000 747.724670 576.077698
371.000000 883.690857 624.077271
372.000000 141.296707 243.471466
372.000000 288.055847 566.906189
372.000000 508.246216 199.022156
372.000000 800.134766 575.204773
372.000000 568.059387 151.311935
372.000000 692.034058 487.287079
372.000000 696.030701 307.190796
372.000000 843.911682 535.207764
372.000000 731.854187 555.291748
372.000000 627.874512 255.443176
372.000000 759.657043 615.721619
372.000000 219.528091 159.875885
372.000000 451.754211 475.865570
372.000000 352.000275 487.880249
372.000000 487.710663 115.943275
372.000000 539.422363 399.890472
372.000000 695.791626 203.673386
372.000000 116.229218 407.611267
372.000000 223.940048 323.795898
372.000000 571.773682 219.807251
372.000000 844.042114 223.633835
372.000000 296.156525 555.591064
372.000000 359.910187 299.674286
372.000000 871.806580 263.777008
372.000000 867.784058 607.956421
372.000000 731.726501 92.166153
372.000000 323.713989 324.330414
372.000000 87.746292 200.354294
372.000000 867.838440 308.265167
372.000000 255.750992 572.202454
372.000000 743.672546 504.121155
372.000000 91.757149 592.040894
372.000000 639.739624 532.125122
372.000000 327.618042 392.224854
372.000000 67.708725 460.253906
372.000000 983.794373 144.252274
372.000000 159.731384 620.187500
372.000000 219.732513 340.068329
372.000000 695.756226 499.983337
373.000000 129.636032 263.539398
373.000000 239.926147 339.069122
373.000000 603.909241 255.206558
373.000000 843.809082 511.269867
373.000000 703.857849 183.296432
373.000000 799.974243 599.318787
373.000000 715.965393 539.399048
373.000000 463.987335 119.442719
373.000000 752.158081 479.443359
373.000000 244.066696 155.591293
373.000000 711.815125 503.720459
373.000000 715.778198 319.691254
373.000000 215.975540 363.614471
373.000000 327.894989 491.686920
373.000000 267.818604 555.780212
373.000000 591.903625 147.836502
373.000000 383.814087 299.894348
373.000000 515.719788 391.921661
373.000000 303.847382 307.929932
373.000000 851.755127 279.960693
373.000000 471.787811 467.961029
373.000000 595.898193 216.027679
373.000000 119.716415 432.153320
373.000000 659.681946 528.192078
373.000000 723.729248 112.189018
373.000000 279.793243 588.164856
373.000000 163.818680 596.130066
373.000000 867.864441 224.112473
373.000000 891.835693 304.137787
373.000000 491.627777 212.146255
373.000000 959.639648 144.049820
373.000000 311.787262 403.946747
373.000000 855.793945 587.940308
373.000000 91.882355 571.935730
373.000000 671.946533 504.019073
373.000000 67.882843 188.153610
373.000000 71.792709 484.217590
373.000000 291.778107 580.196594
374.000000 117.799324 283.544006
374.000000 799.708374 623.159851
374.000000 844.099121 487.355103
374.000000 248.038666 539.504883
374.000000 719.861084 135.620590
374.000000 439.801239 119.681969
374.000000 615.822876 147.714493
374.000000 579.828979 255.739761
374.000000 267.869110 155.805252
374.000000 303.901855 495.934082
374.000000 727.782227 520.052063
374.000000 711.759155 160.046066
374.000000 647.845215 507.997894
374.000000 471.860779 227.977783
374.000000 619.879578 215.981018
374.000000 119.842125 456.078339
374.000000 735.805847 336.199829
374.000000 831.797729 292.240204
374.000000 207.842911 388.247070
374.000000 491.725250 384.282684
374.000000 287.776276 416.262787
374.000000 915.868774 304.295532
374.000000 407.690613 296.376495
374.000000 491.640442 456.375153
374.000000 839.649475 572.291870
374.000000 683.691162 528.179016
374.000000 891.786926 220.095261
374.000000 759.933655 460.092468
374.000000 255.935684 356.234283
374.000000 935.749573 144.344131
374.000000 699.735291 520.275146
374.000000 163.903595 572.180969
374.000000 47.870312 176.198959
374.000000 91.765495 548.176575
374.000000 251.825897 616.132996
374.000000 287.830139 288.186890
374.000000 291.681702 604.270020
374.000000 67.526596 508.308502
375.000000 553.545471 255.652924
375.000000 843.775940 463.209991
375.000000 756.094666 347.356049
375.000000 279.937805 499.564270
375.000000 639.859619 147.671478
375.000000 107.915718 303.710510
375.000000 228.005188 527.741333
375.000000 716.017639 135.797241
375.000000 824.049805 551.868713
375.000000 291.981842 155.990372
375.000000 271.801514 376.123199
375.000000 275.808899 612.115906
375.000000 203.893921 412.070465
375.000000 515.855652 448.135925
375.000000 451.804108 240.238358
375.000000 767.712097 436.299377
375.000000 431.645599 296.286255
375.000000 271.723053 432.198914
375.000000 415.890167 120.188629
375.000000 747.750488 536.239502
375.000000 679.675415 512.200439
375.000000 915.761475 224.209351
375.000000 623.631409 508.273712
375.000000 271.683716 272.222992
375.000000 467.818268 380.104279
375.000000 811.817078 304.023041
375.000000 643.834167 215.983734
375.000000 167.836411 548.009216
375.000000 943.802490 300.106873
375.000000 915.659729 144.223083
375.000000 711.592529 160.245468
375.000000 707.696960 536.228577
375.000000 755.688354 12.280148
375.000000 23.549347 172.309418
375.000000 367.602753 628.286804
375.000000 91.656258 524.301697
375.000000 123.606186 476.318787
375.000000 291.567017 624.270508
376.000000 93.344933 327.528015
376.000000 664.021179 143.109344
376.000000 844.359497 439.208862
376.000000 172.155121 523.388245
376.000000 531.968628 255.482605
376.000000 707.879028 183.594528
376.000000 447.887909 371.736603
376.000000 807.859680 535.849609
376.000000 391.876343 123.910545
376.000000 315.813141 151.972717
376.000000 727.667908 547.994568
376.000000 199.797897 435.906128
376.000000 775.900085 359.900848
376.000000 207.896225 515.976074
376.000000 723.968323 116.034668
376.000000 255.995346 504.083923
376.000000 775.954163 412.102753
376.000000 755.932678 36.032040
376.000000 259.914307 452.014740
376.000000 791.776367 320.077515
376.000000 967.855591 300.102478
376.000000 667.937256 212.178650
376.000000 435.727753 260.289825
376.000000 939.754700 224.308685
376.000000 767.827698 552.324585
376.000000 455.860565 296.353943
376.000000 299.863342 608.369385
376.000000 599.881958 512.369385
376.000000 891.934204 144.388626
376.000000 535.848267 436.419678
376.000000 655.787231 508.399139
376.000000 295.847321 384.321655
376.000000 91.812607 500.263855
376.000000 255.799500 256.178345
376.000000 11.867006 112.120422
376.000000 371.858429 604.139343
376.000000 143.818573 492.158905
376.000000 235.688126 628.137146
377.000000 685.407104 143.692474
377.000000 367.990295 123.210175
377.000000 480.168427 291.437805
377.000000 791.966248 515.652771
377.000000 771.973389 331.799225
377.000000 231.996719 507.866821
377.000000 843.986450 415.935120
377.000000 507.953522 255.984375
377.000000 87.982140 348.028046
377.000000 419.965485 276.143585
377.000000 423.803284 364.185211
377.000000 195.812866 500.071503
377.000000 695.884338 211.976654
377.000000 319.843109 387.988647
377.000000 783.850647 568.034607
377.000000 795.849121 376.102356
377.000000 579.810425 516.134094
377.000000 727.853577 92.061134
377.000000 339.968445 151.987747
377.000000 867.888428 139.963287
377.000000 171.916840 499.963593
377.000000 239.943710 236.081284
377.000000 783.735107 392.237885
377.000000 247.734924 472.286133
377.000000 987.802795 296.304749
377.000000 323.862457 608.330017
377.000000 747.888367 556.331604
377.000000 559.916260 428.319733
377.000000 35.914688 112.336220
377.000000 755.779541 60.348312
377.000000 195.744217 460.286072
377.000000 963.798218 224.190018
377.000000 159.774231 512.114990
377.000000 631.777649 508.039734
377.000000 375.851105 580.023193
377.000000 95.839317 476.092834
377.000000 243.743057 604.166443
378.000000 85.962349 371.657654
378.000000 751.728760 343.406097
378.000000 195.795227 475.556335
378.000000 343.828857 123.658684
378.000000 843.852905 391.744934
378.000000 235.780457 491.811615
378.000000 407.763702 295.830658
378.000000 711.895325 139.784866
378.000000 776.010193 495.780487
378.000000 696.012451 231.838211
378.000000 579.875977 415.943054
378.000000 175.885437 475.958710
378.000000 347.938263 603.993774
378.000000 363.870422 148.075195
378.000000 607.842468 504.147705
378.000000 483.811676 252.225952
378.000000 795.768188 584.253967
378.000000 343.819397 396.182281
378.000000 843.938843 140.137527
378.000000 399.833557 360.140259
378.000000 251.877274 580.092651
378.000000 95.948814 452.106567
378.000000 555.770386 520.156006
378.000000 375.746460 556.152039
378.000000 175.766541 524.136292
378.000000 59.815922 112.122940
378.000000 735.864441 68.120926
378.000000 503.911713 292.154175
378.000000 227.921783 220.241165
378.000000 719.784668 212.323044
378.000000 983.754150 228.278305
378.000000 799.903625 372.196808
378.000000 807.908142 392.174316
378.000000 771.855652 568.126892
378.000000 223.914673 528.071472
378.000000 71.875969 600.084717
378.000000 187.793762 484.089142
379.000000 733.502747 139.604126
379.000000 191.910904 451.129913
379.000000 796.309204 607.257080
379.000000 528.225525 287.353882
379.000000 388.002625 147.418625
379.000000 459.910767 251.467957
379.000000 391.957642 315.505310
379.000000 815.937805 355.587067
379.000000 839.955017 367.681915
379.000000 87.920799 395.863586
379.000000 531.584351 524.116211
379.000000 819.477295 140.169510
379.000000 811.870789 416.032806
379.000000 680.008057 244.115814
379.000000 583.828247 500.221100
379.000000 603.781067 408.194977
379.000000 755.851440 488.103027
379.000000 319.934143 127.996231
379.000000 376.025269 531.976929
379.000000 379.880707 352.020721
379.000000 739.931824 363.995453
379.000000 208.045441 200.040253
379.000000 363.825806 404.165802
379.000000 223.798950 512.206177
379.000000 83.837738 112.206108
379.000000 739.840576 208.204025
379.000000 263.810547 560.187622
379.000000 183.841110 504.161407
379.000000 195.894745 544.175903
379.000000 223.810638 548.203308
379.000000 95.775551 428.165924
379.000000 775.839661 588.141907
379.000000 71.789650 628.193359
379.000000 179.666077 452.238373
379.000000 371.692780 604.260132
379.000000 739.762512 44.285618
379.000000 719.792480 24.280594
379.000000 711.780579 68.263687
380.000000 821.787292 351.601349
380.000000 656.038391 251.180435
380.000000 388.142395 407.317261
380.000000 295.970032 127.419662
380.000000 796.010742 631.431458
380.000000 768.056641 207.450027
380.000000 731.909424 483.542267
380.000000 811.940186 435.567291
380.000000 224.129272 571.542908
380.000000 435.980957 251.660919
380.000000 623.664734 395.799011
380.000000 551.769958 287.720856
380.000000 508.053497 527.692444
380.000000 803.774536 611.967407
380.000000 395.451843 600.158203
380.000000 411.493927 148.138184
380.000000 283.839539 551.958496
380.000000 760.141235 135.929932
380.000000 99.954582 124.045975
380.000000 687.702271 68.015808
380.000000 559.962891 499.871735
380.000000 796.058472 139.933304
380.000000 735.777527 384.101532
380.000000 363.768433 332.141235
380.000000 379.832184 336.139435
380.000000 211.884445 532.138306
380.000000 379.869141 508.117188
380.000000 187.932404 428.084167
380.000000 744.001465 20.111588
380.000000 83.896400 420.183777
380.000000 95.773621 404.202942
380.000000 191.747269 184.176651
380.000000 175.665955 528.169189
380.000000 775.531494 612.128540
380.000000 351.599548 608.030518
380.000000 835.671875 339.945404
381.000000 433.824585 143.850815
381.000000 411.584991 251.439758
381.000000 731.988037 407.469116
381.000000 635.842712 263.619751
381.000000 419.589264 595.659546
381.000000 575.610291 283.629974
381.000000 271.756287 127.659065
381.000000 807.732422 331.735382
381.000000 707.786072 475.790100
381.000000 379.875946 483.849060
381.000000 663.815369 67.918182
381.000000 535.865051 495.919067
381.000000 411.942566 415.950531
381.000000 483.848389 532.042542
381.000000 115.748718 144.028076
381.000000 347.790253 315.947937
381.000000 363.941925 351.983612
381.000000 647.555542 384.208679
381.000000 811.136719 464.295502
381.000000 787.414612 208.164322
381.000000 308.029419 540.038269
381.000000 791.965393 592.170410
381.000000 87.758820 444.227203
381.000000 331.787933 592.171997
381.000000 175.819580 164.142807
381.000000 203.772034 556.174500
381.000000 223.720352 596.217285
381.000000 183.726028 404.220337
381.000000 775.745483 140.221863
381.000000 99.640167 380.218506
381.000000 171.656433 552.148132
381.000000 847.721436 324.090790
381.000000 775.642456 636.079041
381.000000 711.683716 68.013367
381.000000 235.703064 559.939209
382.000000 597.371765 283.698944
382.000000 443.878357 595.350403
382.000000 728.210693 431.291809
382.000000 792.087708 315.449188
382.000000 460.031586 143.541473
382.000000 776.011841 575.574768
382.000000 387.830383 251.673691
382.000000 315.715393 575.726013
382.000000 707.825806 91.686508
382.000000 347.856750 371.693024
382.000000 639.779114 67.773064
382.000000 327.713959 531.854675
382.000000 183.705032 379.915009
382.000000 667.869568 375.992310
382.000000 611.837952 272.137909
382.000000 687.601562 468.171234
382.000000 811.846741 484.103088
382.000000 203.829575 580.161255
382.000000 459.630859 532.077820
382.000000 332.041992 295.875793
382.000000 87.963593 467.962555
382.000000 159.385422 148.237076
382.000000 811.055176 204.351288
382.000000 515.505188 492.241516
382.000000 247.856812 132.259460
382.000000 131.519470 160.338959
382.000000 747.399109 136.242096
382.000000 255.614456 576.061035
382.000000 391.754791 463.960205
382.000000 435.688385 423.870819
382.000000 863.698608 303.770477
382.000000 111.734734 359.791840
382.000000 167.685242 575.876343
382.000000 227.703171 619.996399
382.000000 787.640991 116.169769
383.000000 757.772339 555.613281
383.000000 703.734558 115.228767
383.000000 776.058716 295.270721
383.000000 723.998901 455.382019
383.000000 467.880157 591.499207
383.000000 147.886780 175.562637
383.000000 591.964783 283.587708
383.000000 276.009705 587.594055
383.000000 364.055054 251.570007
383.000000 315.989594 279.599731
383.000000 223.844070 131.690430
383.000000 299.859955 559.745667
383.000000 835.874390 203.795700
383.000000 435.796967 535.846558
383.000000 335.793884 391.815887
383.000000 663.911499 463.680267
383.000000 723.981873 135.620468
383.000000 615.874939 67.715904
383.000000 483.856384 139.833786
383.000000 623.780518 279.932373
383.000000 143.744064 132.083481
383.000000 403.750397 440.152893
383.000000 159.710831 600.035583
383.000000 116.070343 335.930969
383.000000 688.070923 364.134399
383.000000 487.331757 492.279602
383.000000 455.161865 428.113861
383.000000 787.544128 91.946159
383.000000 199.633850 604.026428
383.000000 351.642731 524.113037
383.000000 811.843994 508.120239
383.000000 879.705994 288.138550
383.000000 83.654190 492.140015
383.000000 183.604248 356.144470
384.000000 409.839142 539.485535
384.000000 327.692108 415.045654
384.000000 716.061523 479.094727
384.000000 371.909241 511.250671
384.000000 639.889709 455.341980
384.000000 491.937286 591.398621
384.000000 759.861267 279.490173
384.000000 123.830658 311.559357
384.000000 163.985168 195.557709
384.000000 468.017944 487.564789
384.000000 279.859222 547.619324
384.000000 787.861755 67.599464
384.000000 647.928528 283.572632
384.000000 411.893402 419.642609
384.000000 859.839966 203.761063
384.000000 567.818481 291.894257
384.000000 591.824036 71.958099
384.000000 339.825073 251.872879
384.000000 300.207275 259.772827
384.000000 508.019531 139.905746
384.000000 155.340515 623.912415
384.000000 479.529175 435.757507
384.000000 748.044067 535.746399
384.000000 191.776917 331.997437
384.000000 695.575562 344.196625
384.000000 699.719482 136.203888
384.000000 811.916931 532.143127
384.000000 199.894333 136.109894
384.000000 179.757599 332.077515
384.000000 199.453293 628.020752
384.000000 279.231506 607.997681
384.000000 235.494675 627.945190
384.000000 87.914337 515.960938
384.000000 907.608154 284.096069
384.000000 119.591354 132.055252
385.000000 741.780884 259.427368
385.000000 283.625000 242.958466
385.000000 547.774841 303.016998
385.000000 515.800659 587.128662
385.000000 179.824173 211.278671
385.000000 315.634216 251.463089
385.000000 323.558105 439.581909
385.000000 387.739899 543.570618
385.000000 423.908020 399.527130
385.000000 175.828796 307.562500
385.000000 235.806442 603.591797
385.000000 616.064270 447.653198
385.000000 567.700562 71.901062
385.000000 883.561829 203.922318
385.000000 443.857269 483.825989
385.000000 731.878235 519.830811
385.000000 259.968018 535.844971
385.000000 691.784912 159.910629
385.000000 787.518799 44.035244
385.000000 815.534729 556.131165
385.000000 667.605408 296.178864
385.000000 191.663116 156.130249
385.000000 503.752136 440.104889
385.000000 707.804260 324.149902
385.000000 695.778503 484.135712
385.000000 195.715958 312.077240
385.000000 131.844910 292.011108
385.000000 531.735779 136.061737
385.000000 675.788940 136.116516
385.000000 395.951904 500.095612
385.000000 83.992226 540.048706
385.000000 95.813339 128.060257
385.000000 283.921997 632.161743
385.000000 928.028198 280.358917
385.000000 7.743889 136.586243
385.000000 3.272525 212.629578
386.000000 289.872894 247.701401
386.000000 319.544861 459.357117
386.000000 235.803040 579.284485
386.000000 683.968323 311.242371
386.000000 139.945007 267.316711
386.000000 719.638977 299.466614
386.000000 239.517624 519.497070
386.000000 715.792603 503.363373
386.000000 175.876312 283.353607
386.000000 687.711060 183.510895
386.000000 539.470764 583.703796
386.000000 907.476624 203.728928
386.000000 363.828400 547.666992
386.000000 543.972046 71.822670
386.000000 179.817490 176.066895
386.000000 555.564331 136.154175
386.000000 671.568115 488.068481
386.000000 815.785583 579.877991
386.000000 787.916382 19.772263
386.000000 435.814270 375.746185
386.000000 267.908905 227.687897
386.000000 856.006348 623.691345
386.000000 419.842407 479.837738
386.000000 595.721497 443.948029
386.000000 727.669495 240.037399
386.000000 523.575439 312.129395
386.000000 31.682156 136.211533
386.000000 195.740707 288.220459
386.000000 83.835388 564.164551
386.000000 951.669556 280.156128
386.000000 195.711945 232.119141
386.000000 655.739136 136.054016
386.000000 71.694519 128.013168
386.000000 527.793823 448.047028
386.000000 27.752928 216.193726
386.000000 415.423126 492.224365
386.000000 367.605804 636.101746
387.000000 677.270447 207.695679
387.000000 219.772736 507.153381
387.000000 200.159470 263.285126
387.000000 815.995178 603.436401
387.000000 251.860077 207.473404
387.000000 239.959229 559.463196
387.000000 519.974365 75.468292
387.000000 503.789642 323.520752
387.000000 315.826996 483.532135
387.000000 563.918152 583.566650
387.000000 855.778992 599.696106
387.000000 571.742310 435.790436
387.000000 715.740784 223.914047
387.000000 447.607422 356.037506
387.000000 395.727325 479.966705
387.000000 691.899658 499.826569
387.000000 547.869873 455.683014
387.000000 647.890747 491.535187
387.000000 143.874039 243.551346
387.000000 171.825165 259.729462
387.000000 707.788208 323.934937
387.000000 931.630249 204.101776
387.000000 579.691223 136.172836
387.000000 267.920807 248.250671
387.000000 167.718552 196.291519
387.000000 339.557648 548.186035
387.000000 975.757324 280.120697
387.000000 83.645782 588.203735
387.000000 435.484314 484.226593
387.000000 727.615540 280.132782
387.000000 55.794586 136.058365
387.000000 627.757690 136.088318
387.000000 367.619354 612.117554
387.000000 211.596634 248.063522
387.000000 47.774593 223.980698
387.000000 975.838806 239.899765
387.000000 51.860947 127.799713
388.000000 673.699158 231.494354
388.000000 699.643921 203.021683
388.000000 155.913666 243.160904
388.000000 495.856720 75.285629
388.000000 604.036438 131.359131
388.000000 816.122620 627.465942
388.000000 367.791870 583.614929
388.000000 723.743591 339.576111
388.000000 207.980042 243.433884
388.000000 156.109451 219.492355
388.000000 739.925903 255.766907
388.000000 587.458252 579.946533
388.000000 459.549316 471.922272
388.000000 79.788284 135.837997
388.000000 855.744080 575.820801
388.000000 311.799866 507.821777
388.000000 547.917542 427.864136
388.000000 955.768066 207.871536
388.000000 315.918121 551.770874
388.000000 204.206100 491.707367
388.000000 667.935364 495.719025
388.000000 459.699982 335.612396
388.000000 235.897110 187.492294
388.000000 243.862411 247.623947
388.000000 483.537872 335.836853
388.000000 371.747406 479.925629
388.000000 623.963501 496.040680
388.000000 83.818550 612.176636
388.000000 263.836945 556.168579
388.000000 227.809570 264.155701
388.000000 571.698364 464.168335
388.000000 955.769043 240.166565
388.000000 27.792610 128.214020
388.000000 75.692612 240.223694
388.000000 71.744461 232.166656
389.000000 673.953796 199.454269
389.000000 751.860107 235.017059
389.000000 288.033325 555.180054
389.000000 611.910034 579.336731
389.000000 743.747314 351.443817
389.000000 667.757751 255.521423
389.000000 471.844421 75.547783
389.000000 360.008087 499.509796
389.000000 472.143524 315.527527
389.000000 855.990479 551.717957
389.000000 979.725037 207.912888
389.000000 523.780457 419.902802
389.000000 627.796021 131.861572
389.000000 479.525391 459.851807
389.000000 219.631851 171.723175
389.000000 643.845581 495.594940
389.000000 303.793182 531.572205
389.000000 135.809067 231.540192
389.000000 247.924835 283.558533
389.000000 231.737946 239.741760
389.000000 203.791229 471.906219
389.000000 83.834564 636.043640
389.000000 599.627991 500.189148
389.000000 595.572571 472.250671
389.000000 583.677612 144.159225
389.000000 375.895569 564.065125
389.000000 159.758026 200.151749
389.000000 459.434814 344.186920
389.000000 3.651460 124.103973
389.000000 927.738647 240.094772
389.000000 99.844254 248.117508
389.000000 227.822632 260.121033
389.000000 95.834587 152.102051
390.000000 253.638260 239.459824
390.000000 199.842621 447.119537
390.000000 652.037720 199.338257
390.000000 303.868561 555.532410
390.000000 663.870178 279.631989
390.000000 856.078918 527.694702
390.000000 448.088196 79.901848
390.000000 635.415283 576.122375
390.000000 619.255920 476.056610
390.000000 567.575806 159.824097
390.000000 347.672394 519.730591
390.000000 763.792053 367.749329
390.000000 219.645721 279.892670
390.000000 203.404648 156.034714
390.000000 651.461914 132.120438
390.000000 903.638245 244.192963
390.000000 263.719055 300.256744
390.000000 503.626465 452.211639
390.000000 619.720459 492.097839
390.000000 399.706757 563.983887
390.000000 483.912872 295.827759
390.000000 168.089493 179.814056
390.000000 439.879944 351.977997
390.000000 759.723877 212.132874
390.000000 575.677185 500.230896
390.000000 499.684631 416.288391
390.000000 267.626434 560.322571
390.000000 131.648743 260.214874
390.000000 115.826355 244.048370
390.000000 111.782425 172.015686
391.000000 853.670105 503.322510
391.000000 424.065979 78.662315
391.000000 299.826874 578.679565
391.000000 215.695694 302.811584
391.000000 783.803711 378.978119
391.000000 187.564362 139.242599
391.000000 659.259583 571.557129
391.000000 415.560394 363.600769
391.000000 280.112762 315.626068
391.000000 280.014160 239.887390
391.000000 335.467529 544.076904
391.000000 499.446869 280.065704
391.000000 267.731079 580.012573
391.000000 675.652710 128.014313
391.000000 199.661346 423.970703
391.000000 127.917107 188.021835
391.000000 595.527588 488.283722
391.000000 767.121948 192.321335
391.000000 547.642700 172.145416
391.000000 639.776733 484.205719
391.000000 479.641815 408.259033
391.000000 555.666260 504.213409
391.000000 651.687134 296.162811
391.000000 119.584030 284.174133
391.000000 523.557861 444.173065
391.000000 627.670166 196.135941
391.000000 883.771790 248.093063
391.000000 95.841019 208.084015
391.000000 419.824249 560.142639
391.000000 127.620148 256.215088
391.000000 187.499847 168.202118
391.000000 923.567566 208.154114
391.000000 227.590317 612.153381
391.000000 375.547485 628.176880
391.000000 755.603882 4.168381
392.000000 321.627350 559.301575
392.000000 303.598419 235.054184
392.000000 127.618378 283.362762
392.000000 603.438354 195.631866
392.000000 211.368713 327.839813
392.000000 515.284729 259.942719
392.000000 855.416687 479.838348
392.000000 195.775772 399.654877
392.000000 399.956146 79.695419
392.000000 631.902649 307.928497
392.000000 571.695862 488.059082
392.000000 235.667038 591.997375
392.000000 527.747742 187.954300
392.000000 663.755005 488.021240
392.000000 531.764343 508.112061
392.000000 443.814026 560.173645
392.000000 211.781494 168.243088
392.000000 395.528992 376.144379
392.000000 455.505493 399.920929
392.000000 143.842270 207.868942
392.000000 295.629913 604.099243
392.000000 547.253601 432.307495
392.000000 107.367607 304.353638
392.000000 683.783936 572.341736
392.000000 299.744598 324.381104
392.000000 791.560059 400.394104
392.000000 863.539062 260.366943
392.000000 267.540771 604.342590
392.000000 163.515060 136.375549
392.000000 359.371063 548.415771
392.000000 699.362183 128.293045
392.000000 775.699524 172.084442
392.000000 756.063965 24.109869
392.000000 75.788162 196.342514
392.000000 899.165405 204.399094
392.000000 379.153900 604.229675
392.000000 147.799545 636.126831
393.000000 189.640610 375.658661
393.000000 791.697937 423.288330
393.000000 607.924744 315.371887
393.000000 159.909500 223.413086
393.000000 855.837891 455.443481
393.000000 131.827408 307.437866
393.000000 203.808136 351.448486
393.000000 319.756470 583.527771
393.000000 507.715942 199.683151
393.000000 579.705017 195.888718
393.000000 707.530640 568.099182
393.000000 431.524475 396.171478
393.000000 507.624115 512.160339
393.000000 327.603363 236.147873
393.000000 267.594177 628.122742
393.000000 719.612976 124.122818
393.000000 683.578857 500.156158
393.000000 375.705322 84.138008
393.000000 843.835693 272.116302
393.000000 323.607880 328.151306
393.000000 547.555725 484.116028
393.000000 567.662231 420.106110
393.000000 243.457260 568.094910
393.000000 371.682129 384.052094
393.000000 139.995010 136.131851
393.000000 471.634857 556.275879
393.000000 383.375916 544.332275
393.000000 94.869720 324.238129
393.000000 751.436584 47.987961
393.000000 779.709351 147.905884
393.000000 235.617630 163.889709
393.000000 535.696777 251.889496
393.000000 295.456299 628.025269
393.000000 379.221954 580.169006
393.000000 55.491287 184.187286
393.000000 879.658203 204.216171
393.000000 151.520523 620.339478
394.000000 789.908875 447.673828
394.000000 495.769562 555.241089
394.000000 523.881470 479.419678
394.000000 199.768799 375.650330
394.000000 855.595337 431.788513
394.000000 131.502930 331.866119
394.000000 351.525513 83.891716
394.000000 351.565887 231.895462
394.000000 191.680328 351.881805
394.000000 587.728760 327.934723
394.000000 383.603088 556.013550
394.000000 175.620987 240.006317
394.000000 347.705597 336.036194
394.000000 483.660797 516.186646
394.000000 407.442108 544.290100
394.000000 559.339783 248.175491
394.000000 407.848358 387.840546
394.000000 260.324188 163.770294
394.000000 491.783783 220.048203
394.000000 555.168823 196.125458
394.000000 315.306427 607.910706
394.000000 819.815674 283.805389
394.000000 351.741486 395.867462
394.000000 587.606812 411.890656
394.000000 743.575928 123.883553
394.000000 719.629822 555.928162
394.000000 247.658539 548.068176
394.000000 747.570862 72.107719
394.000000 83.797256 344.084625
394.000000 155.718430 596.230164
394.000000 855.347900 204.342087
394.000000 703.455627 516.367859
394.000000 115.589401 132.396637
394.000000 759.568970 24.340141
394.000000 783.508972 124.277832
394.000000 31.612427 180.293472
395.000000 133.741394 355.762482
395.000000 791.535461 471.440033
395.000000 187.883881 327.523560
395.000000 855.656189 407.668121
395.000000 327.437653 83.737411
395.000000 563.495972 335.708038
395.000000 583.631348 247.660141
395.000000 531.543884 191.702637
395.000000 611.573608 399.709473
395.000000 191.905823 259.610260
395.000000 376.051880 231.587570
395.000000 255.673309 523.835327
395.000000 195.324646 399.896088
395.000000 459.587128 519.690674
395.000000 316.046906 631.508484
395.000000 427.808624 539.501648
395.000000 91.716255 131.416153
395.000000 771.907715 119.418205
395.000000 479.880157 239.683060
395.000000 803.503906 295.976593
395.000000 499.460632 476.185577
395.000000 387.657379 380.393402
395.000000 155.435989 572.488708
395.000000 743.496155 92.381409
395.000000 519.613464 552.243530
395.000000 331.623260 404.123749
395.000000 283.749359 160.003006
395.000000 827.895935 203.963348
395.000000 727.876953 532.054871
395.000000 371.660400 344.194916
395.000000 75.688950 368.138702
395.000000 791.803467 100.057076
395.000000 383.643372 532.109924
395.000000 7.575248 176.147675
395.000000 763.589111 48.190315
396.000000 181.654388 303.758942
396.000000 791.405823 495.408813
396.000000 507.879944 191.346085
396.000000 308.084137 159.520325
396.000000 207.477646 275.814270
396.000000 735.090759 508.004913
396.000000 543.251831 347.803253
396.000000 139.592026 379.540222
396.000000 543.815186 551.299255
396.000000 435.720703 519.198303
396.000000 463.500885 255.283340
396.000000 855.556519 383.357910
396.000000 367.673798 371.518250
396.000000 631.598999 391.727356
396.000000 307.512146 415.936737
396.000000 391.486694 348.097412
396.000000 783.462891 312.195160
396.000000 399.514862 228.166595
396.000000 739.627930 544.120667
396.000000 607.574524 248.103882
396.000000 187.737427 420.062927
396.000000 75.794418 392.122528
396.000000 159.752960 548.213501
396.000000 479.699432 476.229004
396.000000 303.514648 84.198021
396.000000 739.650879 116.130829
396.000000 67.726761 128.141510
396.000000 807.583740 204.198746
396.000000 387.515564 512.234680
396.000000 279.564789 516.238464
396.000000 795.585205 76.228882
396.000000 791.699219 120.201332
396.000000 455.732422 540.185364
396.000000 751.520142 64.133842
396.000000 159.430496 580.011475
396.000000 95.602852 611.860291
397.000000 181.068573 279.625427
397.000000 279.888397 87.028519
397.000000 792.184021 519.018982
397.000000 411.767365 523.251587
397.000000 755.658813 559.369446
397.000000 743.795715 487.374817
397.000000 759.766174 323.437500
397.000000 291.645294 431.559875
397.000000 451.728882 275.609985
397.000000 631.765015 243.737091
397.000000 183.563858 443.898102
397.000000 651.617920 379.893158
397.000000 455.745483 471.901886
397.000000 475.687744 536.015930
397.000000 159.671021 524.126221
397.000000 423.648376 228.224335
397.000000 299.592346 504.292084
397.000000 483.596191 192.282928
397.000000 415.713074 356.231445
397.000000 523.634460 356.141968
397.000000 143.757904 403.995483
397.000000 227.878891 295.980865
397.000000 563.742126 552.130371
397.000000 351.648163 356.272278
397.000000 731.687195 140.340088
397.000000 783.576233 204.336105
397.000000 75.517998 416.271423
397.000000 331.756439 160.202988
397.000000 43.515636 128.181564
397.000000 727.493408 64.114014
397.000000 847.780518 364.054657
397.000000 159.692352 556.108398
397.000000 387.662476 484.150818
397.000000 799.746399 52.171818
397.000000 811.724609 112.203270
397.000000 851.618896 636.248108
397.000000 335.519470 636.246826
397.000000 95.543312 588.116211
398.000000 725.688721 163.753189
398.000000 163.563202 499.357391
398.000000 751.859314 463.397827
398.000000 279.779175 451.487274
398.000000 439.672394 363.550568
398.000000 775.646973 575.621277
398.000000 743.631348 335.721039
398.000000 255.566635 87.805717
398.000000 655.681030 243.805054
398.000000 791.771667 543.896790
398.000000 179.608734 256.042694
398.000000 435.585266 296.044006
398.000000 387.647797 527.987244
398.000000 243.641479 311.970154
398.000000 499.668732 368.010834
398.000000 587.674866 548.098206
398.000000 143.627487 428.181427
398.000000 179.585541 468.168762
398.000000 335.685883 336.125244
398.000000 459.598236 188.096588
398.000000 447.610077 224.016342
398.000000 835.676697 619.986084
398.000000 75.572006 440.048523
398.000000 323.675537 496.092712
398.000000 355.719940 156.144943
398.000000 499.728577 532.129883
398.000000 335.799377 615.985840
398.000000 663.888916 359.901855
398.000000 399.725464 623.925293
398.000000 759.595276 203.889099
398.000000 427.770386 467.886230
398.000000 19.595787 128.017822
398.000000 831.492676 348.050476
398.000000 399.593170 463.992554
398.000000 703.761841 63.915958
398.000000 91.712585 603.855652
398.000000 811.676697 87.768921
398.000000 803.715332 31.682270
398.000000 159.692520 535.643799
398.000000 99.647156 559.648987
399.000000 469.969635 223.438110
399.000000 267.833221 471.081360
399.000000 719.936707 187.313690
399.000000 343.771088 483.530884
399.000000 363.622009 531.674561
399.000000 727.650330 351.721893
399.000000 819.719788 327.768860
399.000000 479.668091 375.855621
399.000000 231.715164 87.891365
399.000000 759.756226 439.950348
399.000000 167.622238 239.959213
399.000000 435.683167 187.842041
399.000000 523.803894 531.766418
399.000000 147.781982 451.808014
399.000000 403.772522 599.889221
399.000000 319.735596 320.008209
399.000000 679.670105 244.096420
399.000000 819.694763 604.076233
399.000000 175.739075 492.053436
399.000000 403.604492 468.056885
399.000000 767.719421 620.005127
399.000000 795.842102 592.039673
399.000000 611.542297 548.150208
399.000000 671.430725 336.090363
399.000000 791.695496 567.916077
399.000000 419.698425 315.817688
399.000000 167.814896 475.758575
399.000000 259.854095 331.807190
399.000000 995.674805 187.885681
399.000000 407.953979 443.824799
399.000000 675.998840 63.823647
399.000000 811.865417 63.803024
399.000000 375.807373 155.699127
399.000000 463.703156 371.603485
399.000000 735.691772 199.576324
399.000000 91.778992 579.646118
399.000000 335.745178 595.795593
399.000000 27.541698 199.933746
399.000000 75.512115 463.941406
399.000000 811.675110 7.939459
399.000000 3.718117 128.021896
