360.000000 413.914429 227.666794
360.000000 757.020081 301.898071
360.000000 632.669983 441.626495
360.000000 820.561523 433.320374
360.000000 552.398376 233.115585
360.000000 384.377045 284.856293
360.000000 180.234009 432.684265
360.000000 368.249847 480.741547
360.000000 140.265869 424.760590
360.000000 624.670532 128.641647
360.000000 700.766785 508.526367
360.000000 428.814087 376.617065
360.000000 272.725800 552.827148
360.000000 504.563629 392.934875
360.000000 856.397583 313.158844
360.000000 276.239227 165.432205
360.000000 144.252930 153.140015
360.000000 120.591919 340.973358
360.000000 353.503693 97.289581
360.000000 197.148026 397.678162
360.000000 552.754333 501.733215
360.000000 584.826721 413.574371
360.000000 832.590759 549.566406
360.000000 588.714966 265.593079
360.000000 416.968811 293.749481
360.000000 220.829437 469.370270
360.000000 801.173889 484.836761
360.000000 413.165710 448.933685
360.000000 405.101196 601.539429
360.000000 976.610107 174.118958
360.000000 244.202728 509.931580
360.000000 396.096130 417.534241
360.000000 776.269287 189.367401
360.000000 788.246399 189.270981
360.000000 784.251953 177.078613
361.000000 578.427979 236.055588
361.000000 805.416321 413.945953
361.000000 365.269226 505.458405
361.000000 389.102692 225.332214
361.000000 848.774719 565.170288
361.000000 124.613159 364.847565
361.000000 784.493347 468.635345
361.000000 404.345184 576.657288
361.000000 576.129211 500.529175
361.000000 408.277954 392.437500
361.000000 648.528259 128.531433
361.000000 368.822510 304.749329
361.000000 300.825043 160.960785
361.000000 392.725311 448.849060
361.000000 260.815887 564.994873
361.000000 608.711792 445.277710
361.000000 328.165314 101.085716
361.000000 195.764633 420.978821
361.000000 560.134949 405.061493
361.000000 703.856018 488.989075
361.000000 223.963226 448.715546
361.000000 836.623596 324.214355
361.000000 440.894623 292.057007
361.000000 528.783325 384.345703
361.000000 140.878265 400.752686
361.000000 564.437927 276.810364
361.000000 232.545715 528.522766
361.000000 776.730957 316.693848
361.000000 128.623077 141.054550
361.000000 780.713013 165.235214
361.000000 768.864685 181.086288
361.000000 449.059357 384.961609
361.000000 124.940247 205.119705
361.000000 180.719772 413.361511
361.000000 52.771332 209.375870
361.000000 28.616436 165.160233
362.000000 366.153839 228.021866
362.000000 789.106934 398.023529
362.000000 548.920532 373.686249
362.000000 792.757263 329.519836
362.000000 712.565857 465.441254
362.000000 584.363220 449.147919
362.000000 368.430450 448.940216
362.000000 600.560791 233.014282
362.000000 360.479065 528.922485
362.000000 188.664200 444.747925
362.000000 672.680054 128.844574
362.000000 220.452866 549.038452
362.000000 128.188293 389.164825
362.000000 600.287170 497.092957
362.000000 304.567657 101.165604
362.000000 764.514343 461.290741
362.000000 544.331848 289.044037
362.000000 260.148163 589.142822
362.000000 356.519775 325.243408
362.000000 176.373520 389.273651
362.000000 324.423401 161.240646
362.000000 420.657288 372.963318
362.000000 228.849838 424.919769
362.000000 404.723022 553.172607
362.000000 536.720520 401.360046
362.000000 784.531616 145.179199
362.000000 464.511383 292.709595
362.000000 740.571777 176.690430
362.000000 104.425148 136.964325
362.000000 472.230438 389.167999
362.000000 144.028778 381.090302
362.000000 848.240356 589.006226
362.000000 720.476379 97.105400
362.000000 816.440125 337.157532
362.000000 516.480347 537.046692
362.000000 76.433449 216.866516
362.000000 48.459515 164.877380
362.000000 112.486588 221.047516
362.000000 28.357861 212.990479
363.000000 774.603210 380.031403
363.000000 625.358032 230.272766
363.000000 697.202515 126.002686
363.000000 229.136887 401.623230
363.000000 340.821655 221.478607
363.000000 716.661743 177.091644
363.000000 184.770813 468.892609
363.000000 797.173706 353.650635
363.000000 356.040680 469.850067
363.000000 848.225830 613.211060
363.000000 84.395157 137.074249
363.000000 572.432007 361.170746
363.000000 280.271729 101.165123
363.000000 496.249176 396.981964
363.000000 128.328705 412.961945
363.000000 356.142700 553.092712
363.000000 523.870056 296.925415
363.000000 207.902695 572.870483
363.000000 624.552307 496.936920
363.000000 488.500946 289.014709
363.000000 700.353516 100.991302
363.000000 76.336678 164.774719
363.000000 260.291443 612.687561
363.000000 792.295410 120.824852
363.000000 340.239899 340.980927
363.000000 560.110535 452.894348
363.000000 420.090332 536.627075
363.000000 172.180038 364.621948
363.000000 152.280350 356.799500
363.000000 720.285034 440.933655
363.000000 352.144012 160.923279
363.000000 512.228760 392.917511
363.000000 432.442383 352.978821
363.000000 540.472961 537.038574
363.000000 48.569981 221.091049
363.000000 740.490356 457.013672
363.000000 104.571671 245.080170
363.000000 96.693153 241.351181
364.000000 178.141022 495.980865
364.000000 792.942566 378.041626
364.000000 316.924988 221.669785
364.000000 649.024292 493.474548
364.000000 649.091736 229.528580
364.000000 693.175232 177.351852
364.000000 232.888336 377.247314
364.000000 756.559326 361.501068
364.000000 720.190979 125.225220
364.000000 132.427963 436.867645
364.000000 328.498413 360.851837
364.000000 352.391357 576.917969
364.000000 344.206787 488.937195
364.000000 676.167664 100.803825
364.000000 536.258667 456.896545
364.000000 444.113403 333.116425
364.000000 371.726044 157.018463
364.000000 719.660400 448.912506
364.000000 60.268806 136.915512
364.000000 732.157288 420.903656
364.000000 172.184280 340.856201
364.000000 592.277893 352.726715
364.000000 196.378250 592.691162
364.000000 492.432404 384.870575
364.000000 444.509033 537.110291
364.000000 156.384918 333.071594
364.000000 520.294067 400.799286
364.000000 252.349838 100.743355
364.000000 796.399353 96.961365
364.000000 280.387421 561.182678
364.000000 500.253357 305.203247
364.000000 512.327454 289.244171
364.000000 92.369644 265.295929
364.000000 564.479553 533.184143
364.000000 92.494751 181.096542
364.000000 72.434013 225.074615
365.000000 794.334717 404.022461
365.000000 533.422913 286.025116
365.000000 237.330353 353.710785
365.000000 745.092346 341.493744
365.000000 672.601440 493.398010
365.000000 672.306641 225.149536
365.000000 512.173035 460.973724
365.000000 292.381958 221.085236
365.000000 136.325562 460.937836
365.000000 744.502563 120.645355
365.000000 172.567703 516.572510
365.000000 328.515686 508.646515
365.000000 668.298340 176.725510
365.000000 696.216736 436.659363
365.000000 36.444813 132.852188
365.000000 468.238586 381.059204
365.000000 396.137939 156.806778
365.000000 468.334473 536.665344
365.000000 169.187469 312.858948
365.000000 456.636047 309.054047
365.000000 616.305664 345.096802
365.000000 652.249878 100.822830
365.000000 320.193756 384.858215
365.000000 296.096497 537.008606
365.000000 348.102234 597.122559
365.000000 184.037109 613.013367
365.000000 96.077904 232.776566
365.000000 804.117065 72.760544
365.000000 744.245117 400.903168
365.000000 232.271683 105.048790
365.000000 588.099609 533.002625
365.000000 76.184685 284.998413
365.000000 540.405945 409.167664
365.000000 104.433167 193.237747
365.000000 480.460968 317.257904
366.000000 698.280762 227.988861
366.000000 489.115814 533.949585
366.000000 729.064270 325.619690
366.000000 760.920410 385.440247
366.000000 672.651367 433.304047
366.000000 164.392181 536.997803
366.000000 792.270386 424.744720
366.000000 316.181641 528.764038
366.000000 315.898621 408.679626
366.000000 11.943971 132.543686
366.000000 488.186310 460.597778
366.000000 444.446136 372.702148
366.000000 556.557373 284.755585
366.000000 268.543884 216.703842
366.000000 348.670288 620.916199
366.000000 812.486572 49.273773
366.000000 239.861252 329.193085
366.000000 463.617615 289.160034
366.000000 208.230148 109.325073
366.000000 420.076172 153.415985
366.000000 140.183105 481.341644
366.000000 644.272339 176.984085
366.000000 92.428917 256.777039
366.000000 172.602448 292.826447
366.000000 68.443054 309.057617
366.000000 696.355835 504.932281
366.000000 748.402527 100.682816
366.000000 628.337891 100.826447
366.000000 564.168213 417.060303
366.000000 632.128540 329.159485
366.000000 612.009460 529.091614
366.000000 124.086761 213.029373
366.000000 456.305328 325.064819
367.000000 242.112732 308.024231
367.000000 245.180145 217.891479
367.000000 313.098511 553.566223
367.000000 712.977783 305.402191
367.000000 512.656616 533.256409
367.000000 720.541504 224.982117
367.000000 620.478760 172.799866
367.000000 160.422592 496.878204
367.000000 792.264832 448.732941
367.000000 584.438599 280.559265
367.000000 464.652069 464.536682
367.000000 444.622528 152.611343
367.000000 140.338837 228.698090
367.000000 424.209717 364.685120
367.000000 640.422791 304.814819
367.000000 73.028252 333.072388
367.000000 161.033493 560.984985
367.000000 716.597961 516.969482
367.000000 312.578308 433.133514
367.000000 604.200195 105.116554
367.000000 747.959351 77.025810
367.000000 776.098694 368.743622
367.000000 436.434052 336.725494
367.000000 812.548279 28.945374
367.000000 176.422012 265.155731
367.000000 652.370056 425.030640
367.000000 480.153412 272.808533
367.000000 96.008011 280.772125
367.000000 588.010925 424.859070
367.000000 196.268631 128.891113
367.000000 984.323364 236.723557
367.000000 340.572968 520.593079
367.000000 636.878967 528.789551
368.000000 470.384705 152.029922
368.000000 493.331421 254.099106
368.000000 613.173645 429.794952
368.000000 160.939423 245.557358
368.000000 696.593079 289.400391
368.000000 312.425018 577.148621
368.000000 596.329346 172.975784
368.000000 604.250061 281.001373
368.000000 792.125000 472.864105
368.000000 188.163742 152.738571
368.000000 628.262207 420.789246
368.000000 736.265137 524.891907
368.000000 176.156372 512.957397
368.000000 68.198563 352.878052
368.000000 440.336823 468.920502
368.000000 264.260071 301.122681
368.000000 791.823181 349.033142
368.000000 839.708862 624.968323
368.000000 580.288208 105.200241
368.000000 748.419617 53.352440
368.000000 240.581589 241.311646
368.000000 649.197876 284.953705
368.000000 309.432648 456.867340
368.000000 537.256226 533.267456
368.000000 744.684387 221.618271
368.000000 360.445221 513.342163
368.000000 816.336060 0.926450
368.000000 100.354492 304.817688
368.000000 772.450012 465.018127
368.000000 412.388428 345.234131
368.000000 156.090042 585.096558
368.000000 400.058624 360.903778
368.000000 776.203613 624.979797
368.000000 660.119751 525.026978
368.000000 184.445938 240.953552
368.000000 960.403381 236.854507
369.000000 570.168945 175.947586
369.000000 681.039307 269.891937
369.000000 560.947266 529.572449
369.000000 232.776978 265.377350
369.000000 420.529236 473.214783
369.000000 768.440186 220.969055
369.000000 840.327759 600.794556
369.000000 492.247040 148.822540
369.000000 288.315552 300.698730
369.000000 628.471924 276.616364
369.000000 508.504639 232.676712
369.000000 68.455673 376.813507
369.000000 604.243286 412.934967
369.000000 632.314148 436.850769
369.000000 148.477890 608.928284
369.000000 808.435730 333.144073
369.000000 144.288559 229.005157
369.000000 176.164917 172.991684
369.000000 556.728577 105.223190
369.000000 772.417175 605.288879
369.000000 756.232727 537.193420
369.000000 792.127441 496.913055
369.000000 683.923401 520.740662
369.000000 380.019684 500.818451
369.000000 764.231628 484.981598
369.000000 304.721008 476.738098
369.000000 193.530243 216.312027
369.000000 173.352524 264.611511
369.000000 196.604935 529.376831
369.000000 336.295898 609.544434
369.000000 659.881287 265.436523
369.000000 103.973427 329.225739
369.000000 396.123413 357.186920
369.000000 308.144745 601.066406
369.000000 936.528809 240.877426
369.000000 376.848877 352.874390
369.000000 748.686401 29.143648
369.000000 740.495850 13.424446
370.000000 314.345551 299.991913
370.000000 201.273987 198.051102
370.000000 793.162476 521.750671
370.000000 544.960144 173.524628
370.000000 212.680527 541.360901
370.000000 124.507439 217.118042
370.000000 580.352112 404.954376
370.000000 652.166077 276.998077
370.000000 164.064972 192.904099
370.000000 108.140305 352.839508
370.000000 672.360596 240.884628
370.000000 300.398010 500.953064
370.000000 72.437881 401.061462
370.000000 756.443726 588.964294
370.000000 192.567215 281.020355
370.000000 740.339661 489.279633
370.000000 227.990372 289.168701
370.000000 707.878723 520.940491
370.000000 396.414978 476.950439
370.000000 584.411194 525.049988
370.000000 840.356445 577.101562
370.000000 320.365875 592.947693
370.000000 352.300568 344.886780
370.000000 532.234680 108.931122
370.000000 756.083679 561.063538
370.000000 367.840668 369.059814
370.000000 515.700928 148.822159
370.000000 652.011230 448.772400
370.000000 912.560120 241.028946
370.000000 824.717712 317.396027
370.000000 524.760559 217.269394
370.000000 308.998291 621.152466
370.000000 401.071014 489.461395
370.000000 792.651001 221.585388
370.000000 740.516357 33.383274
370.000000 752.526855 5.226182
370.000000 148.453934 633.324341
371.000000 526.190308 183.947754
371.000000 301.040985 577.956543
371.000000 608.922180 525.670898
371.000000 540.718506 145.533920
371.000000 792.546753 545.419617
371.000000 336.326111 297.206482
371.000000 508.086700 108.996162
371.000000 840.188538 552.909424
371.000000 108.120438 376.812469
371.000000 556.183044 396.746765
371.000000 548.132263 212.777679
371.000000 372.108704 480.867188
371.000000 424.099579 480.982666
371.000000 680.200195 216.960403
371.000000 152.289841 217.029587
371.000000 104.314285 209.212906
371.000000 296.149048 525.117004
371.000000 676.030029 285.020355
371.000000 728.284424 517.078613
371.000000 224.191635 309.161499
371.000000 716.191223 489.204193
371.000000 204.359421 301.102783
371.000000 332.542175 337.104492
371.000000 888.872742 249.322189
371.000000 68.771454 425.522186
371.000000 204.703079 173.292374
371.000000 840.545715 300.843079
371.000000 232.456436 556.834656
371.000000 756.392639 585.006348
371.000000 812.289001 217.176514
371.000000 732.099243 61.070335
371.000000 648.202148 252.957870
371.000000 744.543579 569.091125
371.000000 668.489136 465.190826
371.000000 348.453064 377.093109
371.000000 880.381897 616.948059
372.000000 690.454163 484.072174
372.000000 569.304504 214.214447
372.000000 349.281403 481.928101
372.000000 693.051270 301.720795
372.000000 140.697433 237.556946
372.000000 840.494324 529.213623
372.000000 360.393585 293.036407
372.000000 84.397865 193.130539
372.000000 564.238770 144.983704
372.000000 284.335144 560.770935
372.000000 796.367188 568.769897
372.000000 864.313721 600.860229
372.000000 728.252747 548.939026
372.000000 632.437439 520.809448
372.000000 484.812286 109.065811
372.000000 756.723633 609.616028
372.000000 255.814423 569.435730
372.000000 503.822205 193.070389
372.000000 728.450317 81.089066
372.000000 692.332520 197.171616
372.000000 320.261169 317.140442
372.000000 444.200348 468.938080
372.000000 112.249657 400.817535
372.000000 216.346359 316.957672
372.000000 328.273987 389.141937
372.000000 864.231079 296.997009
372.000000 68.228897 448.734833
372.000000 836.325012 216.781769
372.000000 536.350830 392.932007
372.000000 624.340393 249.067001
372.000000 740.096619 497.011658
372.000000 868.078552 260.932495
372.000000 216.160461 152.995850
372.000000 976.075562 137.002151
372.000000 220.275085 332.943573
372.000000 156.314911 612.825317
372.000000 88.317505 584.882202
373.000000 602.279297 251.826538
373.000000 325.171295 485.861969
373.000000 129.026917 257.583496
373.000000 700.833191 177.407562
373.000000 712.489258 533.320007
373.000000 840.317200 505.122864
373.000000 848.246948 580.966492
373.000000 656.654602 520.976501
373.000000 64.699432 180.796997
373.000000 592.741089 208.524841
373.000000 708.746582 496.497345
373.000000 712.408875 312.801239
373.000000 300.024353 300.962738
373.000000 512.045776 384.804352
373.000000 304.128876 396.881592
373.000000 848.125000 273.164429
373.000000 275.856873 581.085205
373.000000 263.826874 544.977844
373.000000 116.293640 425.028229
373.000000 160.249939 589.071045
373.000000 888.222656 297.016113
373.000000 468.314087 460.847198
373.000000 236.378738 336.809387
373.000000 384.414581 292.968597
373.000000 460.335754 113.154167
373.000000 796.089111 593.001892
373.000000 724.127869 104.663918
373.000000 588.243042 144.656693
373.000000 488.349670 204.864044
373.000000 860.311890 213.072067
373.000000 240.073090 149.065247
373.000000 212.220291 356.994507
373.000000 68.504807 473.025696
373.000000 748.510315 472.997925
373.000000 952.546875 136.875931
373.000000 84.663155 564.893005
373.000000 240.470062 617.116943
373.000000 668.290649 493.271149
374.000000 578.180115 252.071884
374.000000 245.279739 533.943298
374.000000 409.266968 289.625824
374.000000 733.105408 329.501190
374.000000 300.808411 489.407104
374.000000 116.690331 277.124359
374.000000 828.553101 284.945953
374.000000 612.413513 141.014359
374.000000 840.103882 480.915405
374.000000 468.191010 220.754181
374.000000 264.357635 148.750885
374.000000 616.429260 208.879730
374.000000 680.360596 520.963562
374.000000 796.390930 616.796021
374.000000 716.447144 128.794250
374.000000 208.328171 381.005951
374.000000 436.032043 112.896667
374.000000 643.935974 500.821777
374.000000 836.334900 560.920837
374.000000 708.281921 153.037231
374.000000 756.235718 453.056580
374.000000 724.315979 512.919678
374.000000 160.272766 564.898987
374.000000 488.252258 448.985596
374.000000 696.245544 513.102295
374.000000 488.239899 380.988251
374.000000 912.153015 292.760620
374.000000 40.248764 164.687347
374.000000 884.429688 212.822906
374.000000 284.305664 405.110992
374.000000 288.036346 597.177185
374.000000 116.174133 449.092468
374.000000 252.516708 609.125610
374.000000 72.447830 497.126038
374.000000 288.650696 281.068146
374.000000 252.633804 352.983093
374.000000 928.447327 133.087708
374.000000 88.346985 537.227478
375.000000 278.328705 496.120392
375.000000 553.383362 250.157120
375.000000 677.251709 505.892609
375.000000 841.053711 457.707825
375.000000 820.710938 545.544067
375.000000 164.568130 541.234924
375.000000 224.472809 521.009399
375.000000 448.434906 233.065292
375.000000 752.258606 340.975830
375.000000 288.311676 148.805191
375.000000 640.403870 208.765457
375.000000 744.398376 528.816895
375.000000 636.261475 140.907898
375.000000 712.297546 128.812759
375.000000 268.480896 368.882843
375.000000 764.382751 429.076141
375.000000 108.136002 296.974915
375.000000 412.064270 112.906494
375.000000 704.448242 528.992798
375.000000 464.426910 373.139435
375.000000 620.349609 501.171478
375.000000 428.395599 289.051453
375.000000 272.355255 605.056396
375.000000 512.244019 441.157959
375.000000 200.246063 405.282745
375.000000 808.204712 297.181763
375.000000 272.317993 264.941498
375.000000 268.476196 424.896057
375.000000 940.620422 293.021820
375.000000 20.495392 165.183090
375.000000 364.279968 621.137207
375.000000 908.417480 217.108734
375.000000 752.574036 5.198702
375.000000 68.556053 521.182556
375.000000 908.559143 137.159592
375.000000 124.378899 469.148376
375.000000 292.226685 621.187622
375.000000 708.205994 153.255508
376.000000 254.220474 500.165588
376.000000 661.260559 138.155792
376.000000 653.202576 501.832031
376.000000 724.983704 541.635193
376.000000 168.646301 517.485229
376.000000 772.437378 357.253326
376.000000 840.289795 433.097412
376.000000 444.224152 365.052338
376.000000 528.164246 248.908508
376.000000 204.310257 508.793671
376.000000 664.424316 204.887390
376.000000 804.351013 525.063354
376.000000 788.203491 313.164215
376.000000 720.162231 109.088844
376.000000 312.188934 145.087479
376.000000 300.208405 605.248596
376.000000 768.062561 405.150848
376.000000 196.054840 429.073547
376.000000 456.555389 285.196777
376.000000 256.472382 445.369995
376.000000 532.369324 429.420563
376.000000 432.451996 249.244171
376.000000 760.494507 545.183350
376.000000 704.545776 173.263748
376.000000 964.504395 293.400726
376.000000 388.384583 113.294983
376.000000 292.282959 377.003876
376.000000 256.299652 248.946976
376.000000 752.314148 29.070612
376.000000 92.279617 321.239716
376.000000 368.028015 597.285156
376.000000 932.151794 217.239334
376.000000 596.380493 505.257446
376.000000 232.491043 621.266113
376.000000 4.669781 101.247147
376.000000 884.666260 137.182831
376.000000 0.652900 165.249146
376.000000 72.660072 545.403259
377.000000 686.247192 140.088211
377.000000 629.273743 502.132507
377.000000 789.158325 509.865234
377.000000 780.961182 561.679382
377.000000 840.708252 409.553070
377.000000 692.507874 205.336700
377.000000 416.440979 269.187988
377.000000 240.357574 229.208145
377.000000 228.278061 497.095581
377.000000 420.397797 356.987732
377.000000 792.472839 369.033020
377.000000 504.423004 249.166534
377.000000 480.227753 285.259796
377.000000 768.222717 325.079254
377.000000 84.240753 341.058502
377.000000 336.167847 145.243423
377.000000 723.900879 85.139114
377.000000 743.803467 549.028687
377.000000 776.250916 381.067566
377.000000 192.139374 489.096344
377.000000 364.077881 117.072411
377.000000 244.148178 464.909027
377.000000 576.230774 508.902557
377.000000 324.257538 601.050171
377.000000 368.300568 573.205261
377.000000 28.270519 101.140862
377.000000 956.249817 216.927597
377.000000 752.284180 52.926674
377.000000 556.361694 421.067383
377.000000 168.353745 493.248779
377.000000 192.157288 449.209991
377.000000 316.174927 381.092682
377.000000 988.230347 289.108002
377.000000 240.205414 597.081970
377.000000 864.252319 133.064499
377.000000 68.199402 569.023132
377.000000 156.200928 505.063538
377.000000 96.133652 465.178009
378.000000 606.200928 500.006042
378.000000 729.162964 62.008965
378.000000 85.260574 365.664764
378.000000 249.127609 573.505066
378.000000 708.632141 133.532898
378.000000 232.306717 485.313171
378.000000 480.086243 249.065201
378.000000 404.234802 289.064484
378.000000 372.297272 549.003540
378.000000 768.500244 560.900513
378.000000 576.549866 408.892639
378.000000 360.362061 141.013565
378.000000 772.108215 493.144897
378.000000 176.135437 520.990845
378.000000 340.280487 117.025551
378.000000 840.216492 385.245819
378.000000 343.965454 597.121460
378.000000 747.889893 336.998352
378.000000 172.260910 469.051086
378.000000 692.209412 225.122284
378.000000 340.206604 389.118011
378.000000 396.279419 352.969177
378.000000 716.299377 204.940460
378.000000 52.289509 101.064102
378.000000 224.229523 209.220444
378.000000 792.108887 577.142151
378.000000 808.069336 384.899597
378.000000 980.057983 220.871704
378.000000 68.085838 592.962585
378.000000 504.123444 285.062683
378.000000 843.995544 133.075516
378.000000 796.115540 369.076477
378.000000 192.283783 469.113525
378.000000 552.343445 513.098145
378.000000 92.351257 445.111969
378.000000 220.171997 517.141113
379.000000 458.212616 247.919693
379.000000 389.238586 309.921021
379.000000 373.174103 525.629578
379.000000 676.951843 237.492371
379.000000 732.686401 133.376144
379.000000 580.497925 493.061951
379.000000 600.353638 400.806854
379.000000 836.283447 360.917694
379.000000 260.046722 552.827881
379.000000 752.145203 480.656952
379.000000 384.104401 140.757111
379.000000 812.041565 348.907898
379.000000 527.890259 280.917847
379.000000 792.047302 600.707703
379.000000 220.280838 504.785431
379.000000 76.134331 105.011192
379.000000 807.844177 408.906464
379.000000 203.752563 192.828186
379.000000 820.090454 132.896729
379.000000 68.035805 616.950867
379.000000 188.002167 444.952576
379.000000 368.037506 596.821411
379.000000 740.073669 200.781433
379.000000 84.119728 388.890472
379.000000 736.101135 357.035614
379.000000 376.009369 344.964447
379.000000 771.993347 580.749146
379.000000 220.005386 540.751404
379.000000 364.019379 392.881500
379.000000 704.047424 61.014969
379.000000 735.942444 37.008148
379.000000 528.080994 516.982544
379.000000 192.225967 537.042419
379.000000 316.198425 117.050293
379.000000 172.201233 445.028717
379.000000 96.144569 420.965057
379.000000 176.109406 496.977142
379.000000 712.100708 17.088726
380.000000 730.255432 480.023956
380.000000 621.182617 390.056122
380.000000 433.040253 245.712646
380.000000 392.796875 593.513428
380.000000 808.531372 433.369354
380.000000 376.417023 501.110718
380.000000 384.311462 400.990723
380.000000 652.264404 245.107361
380.000000 555.982239 493.019806
380.000000 763.962891 200.814133
380.000000 279.998230 544.792053
380.000000 96.035667 116.814392
380.000000 684.242920 60.826973
380.000000 192.508133 176.684784
380.000000 80.596825 412.807343
380.000000 792.361755 625.120667
380.000000 407.920166 141.089981
380.000000 291.807953 117.063431
380.000000 552.283508 281.103363
380.000000 740.264526 13.145477
380.000000 180.272675 421.139038
380.000000 220.299088 564.987549
380.000000 504.307098 516.943848
380.000000 732.305115 381.058563
380.000000 372.235718 325.194183
380.000000 364.127441 325.092285
380.000000 792.090454 136.811188
380.000000 208.124832 524.755005
380.000000 756.160828 132.857208
380.000000 800.206909 604.976196
380.000000 772.063782 604.994690
380.000000 820.123474 340.989594
380.000000 828.244873 333.067169
380.000000 96.130333 397.173920
380.000000 208.191650 545.249084
380.000000 716.168518 45.158428
380.000000 88.344711 393.138885
380.000000 176.600739 521.256592
380.000000 348.490662 601.237244
381.000000 410.299133 248.115234
381.000000 377.231293 478.179108
381.000000 805.168274 325.861938
381.000000 705.022583 469.632141
381.000000 660.726318 61.477081
381.000000 808.589417 457.209534
381.000000 416.518433 593.083069
381.000000 572.455566 277.218292
381.000000 632.357788 257.132385
381.000000 728.581360 400.983673
381.000000 532.733276 489.113373
381.000000 184.608582 397.351898
381.000000 432.278290 137.405243
381.000000 360.302673 345.173309
381.000000 344.635315 309.218048
381.000000 268.649689 121.487526
381.000000 112.537003 133.157196
381.000000 172.605392 157.011276
381.000000 232.824127 557.309143
381.000000 788.620056 585.356018
381.000000 408.458649 409.298584
381.000000 328.407990 585.123901
381.000000 84.473358 437.115845
381.000000 96.470604 373.275391
381.000000 640.553833 377.435944
381.000000 848.496216 317.298798
381.000000 220.407532 588.957703
381.000000 304.402313 536.861206
381.000000 784.471924 196.988831
381.000000 480.443848 525.184021
381.000000 204.267120 553.162231
381.000000 780.276978 129.097137
381.000000 168.433868 541.183838
381.000000 764.703003 133.294785
381.000000 704.991394 61.310013
382.000000 314.198029 572.026672
382.000000 597.089844 278.042023
382.000000 440.993195 589.717346
382.000000 636.802063 61.515701
382.000000 384.537323 245.386749
382.000000 180.418839 373.122559
382.000000 772.241577 568.919556
382.000000 808.139160 480.920074
382.000000 324.068451 524.800537
382.000000 512.269653 484.665100
382.000000 808.385315 196.719543
382.000000 724.501465 424.855560
382.000000 664.542786 368.978363
382.000000 456.764801 136.935226
382.000000 128.802917 153.045151
382.000000 156.622116 141.303192
382.000000 344.300934 365.123260
382.000000 684.058411 461.011719
382.000000 244.651566 121.221596
382.000000 704.675049 85.356827
382.000000 788.678833 309.320343
382.000000 224.786789 612.914307
382.000000 328.830811 288.705109
382.000000 388.838654 456.942627
382.000000 740.607178 133.322632
382.000000 164.289841 565.289551
382.000000 864.076660 296.988525
382.000000 104.061348 348.877899
382.000000 456.122375 524.941833
382.000000 432.159271 417.046631
382.000000 196.142639 573.037292
382.000000 252.309875 569.003357
382.000000 612.494080 265.115326
382.000000 84.414001 461.230133
383.000000 774.305237 292.115326
383.000000 721.253967 450.098724
383.000000 757.161926 549.789551
383.000000 620.939697 273.623596
383.000000 292.636414 553.464294
383.000000 464.471436 585.182861
383.000000 832.330627 197.017456
383.000000 360.194519 245.031784
383.000000 812.059509 504.922852
383.000000 112.118958 328.787140
383.000000 144.233475 168.806381
383.000000 612.253906 60.881775
383.000000 272.247772 580.941345
383.000000 660.305786 456.898254
383.000000 312.455444 272.995667
383.000000 488.406799 481.129761
383.000000 332.321136 385.059631
383.000000 140.233368 125.016243
383.000000 720.852600 129.175842
383.000000 700.728943 109.353745
383.000000 588.626343 277.384888
383.000000 220.650070 125.180313
383.000000 684.614868 357.089966
383.000000 400.924408 433.227356
383.000000 345.889893 517.729919
383.000000 881.377625 281.736359
383.000000 481.418427 133.180267
383.000000 457.100098 421.319519
383.000000 432.563141 529.738831
383.000000 784.353210 85.949463
383.000000 156.228287 589.660278
383.000000 184.317245 349.435181
383.000000 80.502716 485.381744
383.000000 196.527878 597.340820
384.000000 638.214783 452.062225
384.000000 589.175110 66.050064
384.000000 161.158768 189.738037
384.000000 120.992737 305.533112
384.000000 276.849670 541.478455
384.000000 324.557648 409.198303
384.000000 336.514771 244.972549
384.000000 504.488495 133.153473
384.000000 488.345825 585.087769
384.000000 696.534302 132.894836
384.000000 644.621704 276.915131
384.000000 368.536011 505.004700
384.000000 408.327087 533.050659
384.000000 716.308228 472.895020
384.000000 744.435852 528.949646
384.000000 464.306488 481.184875
384.000000 755.959839 273.086975
384.000000 784.006348 61.057816
384.000000 856.843506 197.114761
384.000000 808.902527 529.240723
384.000000 408.732941 413.382812
384.000000 296.451935 253.118927
384.000000 568.510803 284.975037
384.000000 188.622330 325.107483
384.000000 116.458191 121.489960
384.000000 196.101395 125.405922
384.000000 196.352036 620.974121
384.000000 232.882980 621.034424
384.000000 697.418213 337.345062
384.000000 477.612152 429.614990
384.000000 77.030884 509.405792
384.000000 280.844971 605.462402
384.000000 176.820221 325.586090
384.000000 152.578827 613.540405
384.000000 900.502380 273.431061
385.000000 322.278809 432.135162
385.000000 441.198914 478.135162
385.000000 281.106689 237.799210
385.000000 740.976257 253.602570
385.000000 420.608398 393.490143
385.000000 564.381836 65.212379
385.000000 512.236206 580.991272
385.000000 176.173813 205.076797
385.000000 255.998627 529.004272
385.000000 688.075439 152.866165
385.000000 232.247116 596.929077
385.000000 528.467590 129.080872
385.000000 128.433289 281.156281
385.000000 728.250183 513.015015
385.000000 664.449158 289.115021
385.000000 544.417114 297.376282
385.000000 384.161285 537.272766
385.000000 312.120941 245.233932
385.000000 612.499939 445.334564
385.000000 812.102295 553.393127
385.000000 172.178467 301.234161
385.000000 500.748596 436.938629
385.000000 785.209229 37.013702
385.000000 188.952179 149.426590
385.000000 708.611572 317.565186
385.000000 92.639801 125.291389
385.000000 392.460999 496.989380
385.000000 692.362122 481.096222
385.000000 672.224976 125.400879
385.000000 880.530273 193.735764
385.000000 924.745911 273.828308
385.000000 1.441792 205.929016
385.000000 282.164642 630.069031
385.000000 82.362770 534.084412
385.000000 194.886017 302.250824
385.000000 6.432126 126.512466
386.000000 686.383179 180.140030
386.000000 317.212769 454.252258
386.000000 685.121399 305.940308
386.000000 172.943817 277.731720
386.000000 236.773804 513.625610
386.000000 232.446701 573.358887
386.000000 536.229797 577.049316
386.000000 540.163086 65.019920
386.000000 136.018936 260.936432
386.000000 668.179077 480.781830
386.000000 264.376678 220.777405
386.000000 288.475586 240.851059
386.000000 552.311951 128.967758
386.000000 176.199982 169.008667
386.000000 716.282471 293.142792
386.000000 728.220215 233.348679
386.000000 431.912323 369.175781
386.000000 811.874573 577.076416
386.000000 196.299118 221.187805
386.000000 712.171265 493.306580
386.000000 416.022583 477.300720
386.000000 360.044220 541.071289
386.000000 588.566956 436.972260
386.000000 69.464249 121.279442
386.000000 853.434814 617.765015
386.000000 904.478760 197.517288
386.000000 192.657028 276.712921
386.000000 944.969788 272.727722
386.000000 524.614990 309.178497
386.000000 524.409180 441.363251
386.000000 784.250793 13.198616
386.000000 648.363647 129.072479
386.000000 80.418953 561.247375
386.000000 28.091974 125.367607
386.000000 412.194031 485.315796
386.000000 360.543152 629.190491
387.000000 394.301270 476.118378
387.000000 712.985901 218.386490
387.000000 676.966064 201.958969
387.000000 444.906799 349.617920
387.000000 236.545792 553.503113
387.000000 312.283722 477.207916
387.000000 216.273773 500.981445
387.000000 560.250793 577.032227
387.000000 852.117432 596.946838
387.000000 812.114868 600.823181
387.000000 248.104599 200.846207
387.000000 688.049500 492.930756
387.000000 515.860352 69.043144
387.000000 703.894104 316.978729
387.000000 76.141235 585.073486
387.000000 144.250748 237.254593
387.000000 568.142639 429.165894
387.000000 720.202148 269.080017
387.000000 576.582642 129.196396
387.000000 196.494049 253.284897
387.000000 164.322769 189.242279
387.000000 212.081329 241.031448
387.000000 263.932129 240.884674
387.000000 624.206726 125.043221
387.000000 168.723694 253.367752
387.000000 644.792236 485.231842
387.000000 336.696381 540.679749
387.000000 544.829773 452.570343
387.000000 968.653564 269.235901
387.000000 436.488800 477.545166
387.000000 48.189079 221.371735
387.000000 504.400330 317.170929
387.000000 360.817841 601.310852
387.000000 44.570801 117.408890
387.000000 48.513859 125.303497
387.000000 932.567200 197.152161
387.000000 972.450745 229.249512
388.000000 698.060120 199.892807
388.000000 152.920364 237.978928
388.000000 600.881897 125.696632
388.000000 672.771118 225.492538
388.000000 200.633240 485.335876
388.000000 724.476685 332.909241
388.000000 664.403931 488.660248
388.000000 852.439575 569.043457
388.000000 492.133606 69.083923
388.000000 584.201111 572.852539
388.000000 204.307693 236.866577
388.000000 812.449524 625.015503
388.000000 544.338501 421.140076
388.000000 260.292816 548.956909
388.000000 456.303925 464.945648
388.000000 364.062927 577.147766
388.000000 147.689545 212.967300
388.000000 307.713043 500.948029
388.000000 232.320328 181.167480
388.000000 456.488953 329.332428
388.000000 80.551300 609.347473
388.000000 312.723358 545.078430
388.000000 76.993904 128.992676
388.000000 569.132751 453.330231
388.000000 240.552109 241.609543
388.000000 228.067474 257.308960
388.000000 24.019644 116.871750
388.000000 620.054016 488.861938
388.000000 484.296631 329.122681
388.000000 368.195984 473.225433
388.000000 735.959534 249.005737
388.000000 952.150024 196.840973
388.000000 72.406914 228.920090
388.000000 992.338135 269.014771
389.000000 750.200806 231.966476
389.000000 469.296173 309.973450
389.000000 853.249756 545.700439
389.000000 609.072632 573.534729
389.000000 284.587158 549.420471
389.000000 520.297668 413.106689
389.000000 468.091919 68.880264
389.000000 356.210358 493.035004
389.000000 743.961853 344.966125
389.000000 672.143738 192.682678
389.000000 240.255692 276.591766
389.000000 300.275665 524.712952
389.000000 200.098038 460.831207
389.000000 216.226044 164.750610
389.000000 596.345032 492.994751
389.000000 476.151001 453.287384
389.000000 667.920410 248.988220
389.000000 155.767014 188.934250
389.000000 372.273956 556.976746
389.000000 228.238434 232.926102
389.000000 640.008423 488.921387
389.000000 623.869080 124.775696
389.000000 79.858055 632.651001
389.000000 0.047291 116.818291
389.000000 579.972961 137.038635
389.000000 131.873596 224.893127
389.000000 223.923370 252.529312
389.000000 592.274536 460.509094
389.000000 924.516907 232.795532
389.000000 976.610596 200.933289
389.000000 92.258797 140.775757
389.000000 84.213326 220.933685
389.000000 460.259491 337.106171
390.000000 854.180847 523.945801
390.000000 649.088257 194.018250
390.000000 632.923584 569.764648
390.000000 260.723816 293.570953
390.000000 252.505081 233.307373
390.000000 196.553833 440.852173
390.000000 200.734589 148.737793
390.000000 344.847137 517.300903
390.000000 444.016541 73.396011
390.000000 164.028229 168.969482
390.000000 500.305023 444.865112
390.000000 480.595642 288.917145
390.000000 660.747498 272.930176
390.000000 500.622925 408.641937
390.000000 648.313965 120.604378
390.000000 564.092957 152.962234
390.000000 615.667053 468.907654
390.000000 759.650879 360.887512
390.000000 300.254181 548.965271
390.000000 572.257324 493.037628
390.000000 216.215683 273.049438
390.000000 108.310486 164.864365
390.000000 396.456390 552.771484
390.000000 900.491394 236.924698
390.000000 760.516968 209.241333
390.000000 616.325623 485.228699
390.000000 124.143028 252.864944
390.000000 220.124893 628.732727
390.000000 440.128571 348.858032
390.000000 112.210304 221.013077
390.000000 264.132568 549.021667
391.000000 186.507675 136.093536
391.000000 853.763306 498.133362
391.000000 477.804840 402.021515
391.000000 213.387482 297.882324
391.000000 781.068115 373.811554
391.000000 496.589722 273.374695
391.000000 420.270844 72.920959
391.000000 656.341187 565.032227
391.000000 624.341003 192.953598
391.000000 196.634323 416.776947
391.000000 332.759155 536.822876
391.000000 276.572388 308.894562
391.000000 276.256866 232.917267
391.000000 764.176392 184.811691
391.000000 124.232613 180.950256
391.000000 296.598419 573.276672
391.000000 592.709595 481.114471
391.000000 520.240417 437.130768
391.000000 876.616455 237.193161
391.000000 92.580963 201.264664
391.000000 672.111206 121.298630
391.000000 420.123077 556.932495
391.000000 544.300293 164.775818
391.000000 264.178314 572.929321
391.000000 551.986023 501.058502
391.000000 115.932327 276.880615
391.000000 648.083557 288.589050
391.000000 416.294312 356.577057
391.000000 228.430817 604.827332
391.000000 920.309631 201.102203
391.000000 636.080933 477.125092
391.000000 184.139420 161.053101
391.000000 124.258942 253.090363
391.000000 756.188110 -2.870784
392.000000 602.271606 192.037643
392.000000 301.181946 230.131424
392.000000 853.028870 473.939758
392.000000 192.885925 393.764557
392.000000 396.688934 73.616127
392.000000 568.596191 481.210205
392.000000 512.618713 252.850037
392.000000 440.428925 553.013062
392.000000 628.226807 300.904907
392.000000 788.248901 392.691956
392.000000 680.338318 564.739319
392.000000 452.349731 392.845367
392.000000 264.271057 600.875610
392.000000 320.354736 556.648071
392.000000 160.525208 128.725677
392.000000 392.341003 368.975250
392.000000 523.969971 180.826248
392.000000 855.788086 248.706650
392.000000 208.531876 160.958191
392.000000 108.658432 297.286102
392.000000 140.458817 201.383057
392.000000 292.577545 593.016724
392.000000 528.576233 500.773041
392.000000 232.655624 584.912903
392.000000 356.348572 541.198975
392.000000 208.165024 321.124969
392.000000 768.070984 160.823120
392.000000 124.085670 276.768707
392.000000 296.096588 316.911316
392.000000 696.029602 121.056252
392.000000 539.853577 425.061249
392.000000 660.154663 480.981689
392.000000 73.015190 188.984726
392.000000 753.494629 17.189939
392.000000 897.477051 201.537720
392.000000 117.039360 121.444687
393.000000 790.283081 420.226837
393.000000 605.274597 310.228058
393.000000 189.216095 369.871033
393.000000 853.084167 449.615417
393.000000 576.768188 189.483902
393.000000 156.616440 217.155930
393.000000 372.673920 72.960938
393.000000 544.656067 477.184967
393.000000 704.541138 561.115845
393.000000 320.516724 320.891235
393.000000 128.442154 300.870270
393.000000 316.286407 576.930542
393.000000 679.996155 492.960236
393.000000 324.039520 224.772919
393.000000 836.309875 264.859467
393.000000 96.271118 317.068848
393.000000 232.061218 156.933350
393.000000 263.965729 624.869202
393.000000 468.415802 552.927734
393.000000 236.471573 561.051453
393.000000 720.196289 117.122719
393.000000 136.059692 124.968834
393.000000 428.066589 388.877106
393.000000 564.534119 413.025116
393.000000 201.547333 345.471741
393.000000 505.540680 505.431122
393.000000 505.523834 192.908737
393.000000 149.089752 609.008667
393.000000 532.591309 245.483429
393.000000 380.534790 537.697449
393.000000 748.292908 41.634125
393.000000 292.403046 617.497986
393.000000 772.364136 137.472946
393.000000 52.268402 177.403976
393.000000 368.351288 381.345795
393.000000 872.442261 197.218781
393.000000 376.353912 573.213928
394.000000 790.149841 443.910187
394.000000 521.131775 473.856842
394.000000 853.050415 425.564606
394.000000 348.870483 225.410599
394.000000 816.565796 277.287598
394.000000 128.387665 325.074890
394.000000 348.232208 76.941986
394.000000 584.114563 321.003601
394.000000 552.019714 188.935196
394.000000 488.183868 212.828156
394.000000 492.350739 548.845642
394.000000 188.374344 344.959229
394.000000 256.288025 157.043854
394.000000 312.245972 604.913147
394.000000 176.277695 232.960251
394.000000 848.148376 197.207367
394.000000 479.930511 509.046967
394.000000 408.214569 380.809082
394.000000 556.889160 240.959778
394.000000 696.468201 509.271881
394.000000 780.353882 117.281532
394.000000 344.618988 329.075256
394.000000 112.917763 124.999908
394.000000 589.081543 405.218750
394.000000 28.812469 169.710312
394.000000 348.046021 389.613312
394.000000 380.043701 553.029907
394.000000 148.300980 588.958191
394.000000 244.772934 537.257629
394.000000 401.096863 537.697449
394.000000 196.579971 369.649628
394.000000 748.651611 61.399170
394.000000 740.744873 117.512337
394.000000 716.427490 545.504333
394.000000 760.325928 17.453405
395.000000 790.238098 467.981506
395.000000 325.222778 78.001183
395.000000 373.088074 225.703720
395.000000 384.878418 373.522766
395.000000 132.601669 349.386749
395.000000 184.412399 321.169830
395.000000 580.269165 241.011627
395.000000 252.057144 517.026978
395.000000 851.866211 400.920044
395.000000 607.931030 392.796753
395.000000 312.200531 628.836853
395.000000 560.366394 329.011169
395.000000 796.248352 289.133087
395.000000 476.346863 232.885422
395.000000 528.564697 184.925095
395.000000 280.567261 153.177017
395.000000 716.367798 521.060974
395.000000 368.142273 336.925934
395.000000 152.561813 561.052124
395.000000 496.275024 473.259399
395.000000 512.132019 549.293640
395.000000 192.226456 393.083160
395.000000 192.334381 253.010788
395.000000 456.499268 513.162964
395.000000 88.488777 121.409386
395.000000 828.387573 197.249084
395.000000 324.343079 396.865601
395.000000 764.621460 112.807632
395.000000 380.893097 529.077698
395.000000 744.730042 89.527351
395.000000 428.349121 533.453796
395.000000 4.697592 165.315414
395.000000 785.015808 93.612663
395.000000 72.808868 357.680328
395.000000 152.745148 597.529419
395.000000 760.859741 37.384354
396.000000 790.166748 491.993011
396.000000 181.043152 297.957581
396.000000 365.059204 365.653107
396.000000 541.094177 341.517700
396.000000 136.889572 373.586456
396.000000 504.443085 185.363525
396.000000 208.091614 268.916016
396.000000 736.137939 536.864075
396.000000 536.044617 544.806458
396.000000 432.220184 512.701050
396.000000 64.331161 120.705002
396.000000 472.260834 468.754700
396.000000 396.226959 220.788406
396.000000 852.380432 376.729279
396.000000 792.525269 68.860916
396.000000 628.386597 385.085266
396.000000 304.165436 152.973465
396.000000 732.027893 500.931732
396.000000 300.361725 81.025658
396.000000 388.335999 341.114075
396.000000 156.322693 573.092407
396.000000 604.462097 240.928146
396.000000 780.438782 304.951599
396.000000 804.346375 197.129959
396.000000 156.159027 541.288330
396.000000 460.100525 249.072205
396.000000 304.326233 408.739624
396.000000 736.582764 112.788918
396.000000 276.602173 509.014008
396.000000 72.473930 381.188385
396.000000 188.309982 413.012268
396.000000 452.416382 528.856689
396.000000 384.644531 505.181793
396.000000 748.342773 53.342690
397.000000 522.007263 351.963776
397.000000 629.127441 237.848602
397.000000 181.058105 273.521820
397.000000 480.849945 185.366241
397.000000 648.495850 373.302094
397.000000 788.402588 513.019653
397.000000 276.443176 80.845711
397.000000 136.405746 397.078918
397.000000 420.190826 221.002274
397.000000 224.320068 288.735626
397.000000 408.406616 516.706787
397.000000 740.369141 480.786499
397.000000 560.200378 544.850525
397.000000 448.297546 464.703613
397.000000 296.391510 496.743988
397.000000 412.277802 349.028107
397.000000 755.951843 316.942108
397.000000 751.921570 552.861023
397.000000 348.321899 348.979309
397.000000 288.280548 425.122192
397.000000 156.203400 549.098389
397.000000 800.231201 44.928780
397.000000 160.262054 516.941101
397.000000 40.287224 117.139961
397.000000 72.188728 405.281281
397.000000 384.167175 481.066742
397.000000 448.256256 268.759491
397.000000 476.695679 528.839539
397.000000 328.734680 149.258591
397.000000 180.699478 441.634827
397.000000 848.294861 357.504395
397.000000 732.350708 133.201797
397.000000 780.538696 197.190979
397.000000 808.516296 105.254494
397.000000 728.658569 53.210812
397.000000 88.530571 621.038574
398.000000 254.403458 84.111061
398.000000 241.377289 306.304657
398.000000 177.206848 249.944717
398.000000 456.956940 181.599976
398.000000 724.636719 157.338562
398.000000 160.448105 492.996582
398.000000 332.291290 328.750305
398.000000 788.172607 536.763550
398.000000 444.036407 216.696594
398.000000 140.075607 420.592865
398.000000 652.175476 236.628922
398.000000 772.179504 568.735291
398.000000 496.104706 360.832123
398.000000 748.133850 456.755463
398.000000 276.119263 444.778076
398.000000 424.052948 460.949921
398.000000 583.913330 540.862610
398.000000 15.813419 116.787537
398.000000 172.108444 460.835541
398.000000 736.069580 328.870422
398.000000 352.050293 148.860977
398.000000 436.110443 356.786377
398.000000 384.182312 520.783813
398.000000 432.170563 288.950897
398.000000 72.223434 429.124878
398.000000 320.186188 485.037506
398.000000 332.227386 608.817444
398.000000 800.388672 24.806931
398.000000 660.386414 353.031586
398.000000 704.516052 57.309414
398.000000 500.321533 525.343994
398.000000 88.381554 597.255981
398.000000 396.530762 621.389160
398.000000 832.495422 617.521545
398.000000 832.575989 337.441467
398.000000 756.617310 197.239761
398.000000 396.597534 457.244019
398.000000 808.759644 81.424316
398.000000 157.032654 525.267334
399.000000 230.347717 84.115028
399.000000 361.309418 526.116028
399.000000 145.238800 445.815247
399.000000 469.182404 217.597961
399.000000 756.916199 433.489014
399.000000 432.761444 181.241959
399.000000 400.625488 461.037994
399.000000 400.447083 593.135742
399.000000 816.457764 321.015625
399.000000 676.664734 236.894333
399.000000 264.683594 464.928589
399.000000 316.643921 309.079590
399.000000 340.445496 477.202026
399.000000 724.489319 349.044647
399.000000 256.586670 325.088257
399.000000 164.436722 229.280975
399.000000 816.170837 597.109619
399.000000 164.094589 468.997406
399.000000 672.530701 329.074310
399.000000 520.487732 525.178040
399.000000 376.403473 149.212891
399.000000 788.339050 561.100708
399.000000 92.221085 569.089172
399.000000 476.286133 369.214691
399.000000 612.397949 541.399902
399.000000 404.682953 437.300415
399.000000 765.057251 608.994507
399.000000 333.383484 589.005127
399.000000 417.120697 309.446899
399.000000 680.765503 53.796188
399.000000 456.496460 365.651794
399.000000 172.810226 485.454651
399.000000 24.993553 193.531036
399.000000 788.784973 585.506226
399.000000 72.664856 453.420959
399.000000 808.609741 57.269112
399.000000 808.514404 1.301972
399.000000 720.420959 181.400604
399.000000 992.336548 181.221115
399.000000 0.441108 116.944786
399.000000 732.800964 193.036377
