360 248 517
360 592 272
360 509 401
360 779 196
360 185 443
360 125 347
360 137 188
360 353 105
360 764 93
360 144 434
360 281 171
360 628 137
360 275 558
360 635 450
360 862 318
360 473 552
360 702 518
360 834 557
360 432 384
360 5 170
360 805 493
360 587 420
360 149 161
360 406 607
360 558 508
360 419 457
360 372 488
360 387 292
360 790 186
360 401 423
360 557 240
360 982 182
360 418 302
360 226 480
360 758 308
360 825 440
360 415 233
360 202 406
361 236 537
361 571 282
361 267 635
361 531 391
361 785 173
361 183 419
361 8 212
361 128 370
361 125 208
361 329 106
361 750 104
361 145 410
361 305 169
361 652 136
361 265 573
361 612 454
361 842 331
361 497 550
361 710 496
361 851 571
361 455 391
361 29 171
361 790 476
361 564 414
361 133 146
361 408 583
361 582 506
361 395 455
361 368 512
361 373 311
361 766 186
361 412 402
361 581 239
361 442 300
361 228 456
361 778 322
361 810 422
361 391 231
361 197 429
362 223 558
362 549 293
362 273 612
362 553 381
362 791 150
362 180 395
362 31 219
362 131 394
362 114 229
362 305 108
362 726 105
362 147 387
362 329 167
362 676 134
362 265 597
362 588 457
362 822 344
362 521 547
362 718 473
362 853 594
362 478 397
362 53 171
362 769 467
362 541 407
362 109 145
362 410 559
362 606 504
362 373 455
362 363 536
362 359 331
362 742 185
362 423 381
362 604 238
362 466 298
362 231 432
362 795 336
362 794 404
362 367 230
362 191 452
363 211 579
363 527 303
363 280 589
363 575 371
363 797 126
363 178 371
363 54 226
363 134 418
363 102 250
363 281 109
363 702 106
363 154 364
363 353 166
363 700 133
363 265 621
363 564 460
363 802 357
363 545 545
363 726 450
363 853 618
363 501 404
363 77 172
363 746 460
363 518 400
363 85 143
363 423 547
363 630 502
363 360 475
363 359 559
363 344 350
363 718 184
363 435 360
363 628 236
363 490 297
363 234 408
363 795 360
363 778 386
363 343 229
363 186 476
364 199 599
364 505 313
364 286 565
364 596 361
364 803 103
364 175 348
364 77 232
364 136 442
364 90 271
364 257 110
364 678 108
364 161 341
364 377 164
364 723 131
364 540 463
364 794 377
364 569 542
364 733 427
364 524 411
364 95 183
364 723 454
364 495 393
364 61 142
364 447 545
364 654 500
364 347 495
364 355 583
364 330 369
364 694 184
364 446 338
364 652 235
364 513 295
364 237 384
364 796 384
364 763 367
364 319 228
364 180 499
365 187 620
365 484 323
365 298 548
365 618 351
365 809 80
365 173 324
365 96 240
365 139 466
365 79 292
365 233 111
365 654 109
365 168 318
365 400 163
365 747 129
365 517 467
365 790 401
365 593 540
365 746 409
365 547 418
365 111 201
365 700 447
365 472 386
365 37 140
365 471 543
365 677 500
365 334 515
365 351 606
365 324 391
365 670 183
365 457 317
365 676 233
365 537 293
365 239 361
365 796 408
365 747 349
365 295 226
365 175 523
366 462 333
366 320 538
366 633 335
366 815 57
366 170 300
366 99 264
366 144 488
366 72 314
366 213 117
366 630 110
366 175 295
366 424 161
366 750 108
366 493 470
366 786 424
366 617 538
366 762 392
366 570 424
366 127 218
366 677 440
366 449 380
366 13 139
366 495 541
366 698 511
366 321 535
366 352 630
366 320 415
366 646 182
366 468 297
366 700 232
366 561 291
366 242 337
366 797 432
366 731 331
366 272 225
366 169 546
367 440 343
367 342 528
367 643 313
367 816 34
367 168 276
367 102 288
367 161 504
367 72 338
367 201 138
367 607 111
367 182 273
367 448 159
367 751 84
367 469 473
367 782 448
367 988 245
367 640 535
367 779 375
367 593 431
367 143 236
367 654 433
367 426 373
367 519 539
367 720 522
367 318 558
367 316 438
367 622 181
367 483 278
367 724 230
367 585 289
367 245 313
367 797 456
367 716 313
367 249 225
367 164 569
368 418 353
368 363 517
368 654 291
368 817 10
368 163 253
368 356 631
368 104 312
368 179 519
368 71 362
368 190 159
368 583 112
368 190 250
368 472 158
368 752 60
368 445 477
368 777 472
368 964 247
368 664 533
368 796 357
368 616 438
368 160 254
368 631 426
368 403 366
368 543 537
368 741 533
368 783 634
368 315 582
368 311 462
368 598 181
368 498 259
368 748 229
368 609 288
368 266 308
368 798 480
368 843 631
368 700 294
368 243 248
368 159 593
369 397 364
369 744 21
369 385 507
369 664 270
369 147 238
369 340 615
369 107 336
369 197 535
369 71 386
369 178 180
369 559 114
369 197 227
369 496 156
369 752 36
369 421 480
369 769 490
369 940 248
369 688 530
369 813 340
369 639 445
369 176 271
369 608 420
369 380 359
369 567 535
369 760 544
369 776 614
369 313 606
369 307 485
369 574 180
369 512 240
369 772 228
369 633 286
369 290 306
369 798 504
369 843 607
369 685 276
369 237 271
369 153 616
370 375 374
370 740 44
370 407 497
370 674 248
370 127 226
370 322 599
370 110 360
370 214 549
370 71 410
370 166 201
370 535 115
370 204 204
370 520 154
370 753 12
370 398 483
370 745 494
370 916 250
370 712 528
370 830 323
370 656 458
370 192 289
370 585 413
370 357 352
370 591 534
370 760 568
370 761 595
370 310 630
370 303 509
370 550 179
370 526 222
370 796 226
370 657 284
370 314 305
370 798 528
370 843 583
370 672 265
370 232 295
370 152 639
371 353 384
371 736 68
371 429 487
371 685 227
371 106 213
371 305 583
371 112 384
371 235 561
371 71 434
371 155 222
371 511 116
371 91 621
371 211 181
371 544 153
371 374 487
371 721 497
371 894 254
371 735 525
371 847 309
371 675 473
371 209 306
371 562 406
371 338 343
371 885 624
371 615 532
371 760 592
371 746 576
371 299 533
371 529 187
371 550 220
371 820 225
371 677 294
371 338 303
371 799 552
371 843 559
371 652 258
371 226 318
372 331 394
372 731 91
372 450 477
372 695 205
372 86 201
372 287 566
372 115 407
372 257 572
372 71 458
372 143 243
372 487 117
372 91 597
372 219 159
372 568 151
372 350 490
372 698 500
372 874 267
372 743 503
372 871 307
372 693 489
372 225 324
372 539 399
372 322 326
372 869 606
372 639 530
372 760 616
372 731 557
372 295 556
372 510 200
372 988 145
372 574 219
372 844 223
372 697 307
372 362 301
372 160 620
372 799 576
372 843 535
372 628 258
372 221 341
373 310 404
373 725 114
373 472 467
373 705 184
373 65 188
373 269 554
373 118 431
373 278 584
373 71 482
373 131 264
373 463 118
373 92 573
373 243 157
373 592 149
373 326 493
373 674 504
373 853 280
373 751 480
373 895 305
373 243 628
373 712 504
373 241 342
373 516 392
373 306 308
373 853 588
373 663 528
373 716 538
373 292 579
373 490 214
373 964 143
373 598 217
373 868 222
373 717 321
373 386 299
373 162 596
373 800 600
373 843 511
373 604 257
373 215 365
374 288 414
374 719 137
374 494 457
374 711 161
374 46 176
374 248 541
374 121 455
374 295 597
374 70 506
374 120 285
374 439 120
374 93 549
374 267 156
374 616 148
374 303 497
374 650 507
374 833 293
374 759 457
374 919 303
374 253 614
374 730 520
374 258 359
374 493 386
374 290 290
374 838 570
374 687 526
374 701 520
374 293 603
374 470 227
374 941 142
374 622 216
374 891 221
374 736 334
374 409 297
374 165 572
374 800 624
374 843 487
374 580 257
374 210 388
375 272 430
375 713 160
375 516 447
375 716 137
375 23 173
375 228 528
375 125 478
375 299 621
375 70 530
375 108 306
375 415 121
375 756 13
375 94 525
375 291 154
375 640 146
375 279 500
375 626 510
375 813 306
375 766 435
375 943 301
375 277 612
375 748 535
375 273 375
375 470 379
375 273 272
375 822 551
375 708 535
375 681 512
375 293 627
375 450 241
375 917 141
375 371 626
375 646 214
375 915 223
375 756 348
375 433 296
375 168 548
375 843 463
375 556 256
375 204 412
376 260 451
376 707 184
376 238 626
376 537 436
376 722 114
376 208 516
376 140 495
376 70 554
376 96 327
376 391 122
376 757 37
376 94 501
376 314 153
376 664 145
376 255 503
376 602 513
376 793 319
376 774 412
376 967 300
376 301 609
376 767 551
376 296 381
376 10 111
376 447 372
376 257 254
376 807 533
376 729 546
376 657 510
376 435 258
376 893 141
376 372 602
376 670 213
376 939 224
376 776 362
376 457 294
376 171 524
376 843 439
376 532 255
376 199 435
377 248 471
377 701 207
377 245 603
377 559 426
377 728 91
377 197 499
377 158 510
377 70 578
377 87 347
377 367 123
377 758 60
377 95 477
377 338 151
377 688 143
377 231 506
377 579 517
377 773 332
377 783 391
377 991 298
377 325 607
377 785 566
377 319 388
377 34 112
377 424 365
377 241 236
377 791 515
377 750 557
377 633 507
377 421 277
377 869 140
377 374 578
377 694 212
377 963 225
377 796 375
377 481 292
377 173 501
377 843 415
377 508 255
377 193 458
378 236 492
378 695 230
378 251 580
378 581 416
378 734 68
378 194 475
378 176 526
378 70 602
378 87 371
378 343 124
378 735 63
378 96 453
378 362 149
378 712 141
378 226 526
378 555 520
378 753 345
378 800 374
378 349 605
378 796 583
378 342 395
378 58 113
378 401 358
378 225 218
378 776 497
378 772 568
378 609 504
378 406 297
378 845 139
378 375 554
378 718 210
378 987 227
378 812 390
378 505 290
378 176 477
378 843 391
378 484 254
378 188 482
379 224 513
379 678 243
379 719 21
379 263 563
379 603 406
379 740 44
379 192 451
379 364 626
379 194 541
379 70 626
379 87 395
379 319 126
379 711 65
379 96 429
379 386 148
379 736 140
379 226 550
379 531 523
379 740 362
379 816 357
379 373 602
379 797 607
379 365 402
379 82 113
379 381 351
379 209 201
379 755 489
379 776 589
379 586 501
379 803 636
379 392 316
379 821 139
379 377 530
379 742 209
379 812 414
379 529 289
379 179 453
379 839 369
379 460 254
379 183 505
380 211 533
380 656 253
380 715 45
380 285 552
380 624 396
380 746 21
380 189 427
380 351 609
380 213 552
380 87 419
380 295 127
380 687 66
380 97 405
380 410 146
380 760 138
380 226 574
380 507 527
380 735 385
380 833 340
380 397 600
380 797 631
380 388 408
380 100 125
380 365 333
380 193 183
380 732 483
380 776 613
380 562 498
380 805 613
380 378 335
380 797 138
380 378 506
380 766 207
380 813 438
380 553 287
380 182 429
380 823 351
380 436 253
380 177 528
381 204 554
381 635 263
381 711 69
381 307 542
381 646 386
381 187 403
381 333 593
381 234 564
381 86 443
381 271 128
381 663 67
381 102 383
381 434 144
381 784 136
381 226 598
381 484 530
381 731 409
381 850 323
381 421 597
381 411 415
381 116 142
381 349 315
381 177 165
381 709 476
381 776 637
381 538 496
381 790 594
381 363 354
381 773 137
381 380 483
381 790 206
381 813 462
381 577 285
381 184 405
381 808 333
381 412 253
381 172 552
382 202 578
382 613 273
382 707 92
382 328 532
382 668 376
382 184 380
382 316 576
382 256 575
382 86 467
382 247 129
382 639 68
382 110 360
382 458 143
382 787 114
382 226 622
382 460 533
382 727 432
382 867 305
382 444 595
382 435 422
382 132 160
382 333 297
382 161 147
382 686 469
382 514 493
382 776 575
382 349 373
382 749 137
382 391 462
382 814 204
382 814 486
382 601 283
382 187 381
382 792 314
382 388 252
382 166 575
383 200 602
383 591 284
383 703 116
383 350 522
383 688 365
383 182 356
383 298 560
383 276 587
383 86 491
383 223 131
383 615 70
383 117 337
383 482 141
383 787 90
383 436 537
383 723 456
383 884 288
383 468 592
383 458 429
383 148 177
383 317 279
383 145 133
383 663 462
383 490 490
383 761 556
383 334 393
383 725 136
383 403 441
383 838 203
383 814 510
383 625 281
383 190 358
383 777 296
383 364 251
383 161 598
384 199 626
384 569 294
384 699 139
384 372 512
384 699 344
384 179 332
384 280 547
384 281 610
384 86 515
384 202 136
384 591 71
384 124 315
384 506 139
384 788 66
384 412 540
384 718 480
384 906 284
384 236 628
384 492 590
384 481 435
384 165 195
384 301 261
384 121 131
384 640 455
384 466 487
384 746 537
384 328 414
384 701 135
384 414 420
384 861 202
384 814 534
384 647 284
384 193 334
384 761 278
384 340 251
384 155 622
385 548 304
385 693 162
385 394 502
385 709 322
385 177 308
385 260 534
385 1 209
385 285 633
385 86 539
385 190 157
385 567 72
385 131 292
385 530 138
385 788 43
385 388 543
385 697 485
385 929 282
385 235 604
385 516 588
385 504 442
385 181 213
385 9 136
385 285 244
385 97 130
385 617 449
385 443 484
385 731 519
385 324 438
385 677 135
385 425 399
385 885 203
385 815 558
385 666 298
385 195 310
385 745 260
385 316 250
386 526 314
386 687 185
386 415 492
386 719 300
386 174 284
386 240 522
386 25 215
386 86 563
386 179 178
386 543 73
386 138 269
386 554 136
386 789 19
386 365 547
386 673 489
386 953 280
386 235 580
386 540 585
386 527 449
386 197 230
386 33 136
386 269 226
386 73 128
386 594 442
386 365 633
386 419 482
386 715 502
386 319 461
386 653 134
386 437 378
386 909 204
386 815 582
386 686 311
386 198 286
386 857 625
386 730 242
386 292 250
387 504 324
387 681 208
387 437 482
387 730 279
387 170 262
387 219 509
387 48 222
387 85 587
387 167 198
387 520 74
387 146 246
387 578 135
387 341 550
387 650 492
387 977 238
387 977 278
387 240 560
387 564 583
387 550 456
387 214 248
387 57 137
387 252 208
387 49 126
387 571 435
387 367 609
387 395 479
387 692 500
387 315 485
387 629 133
387 448 356
387 933 206
387 816 606
387 706 325
387 201 262
387 857 601
387 714 223
387 268 249
388 482 334
388 675 232
388 459 471
388 740 257
388 156 245
388 205 494
388 71 228
388 85 611
388 155 219
388 496 76
388 153 223
388 602 133
388 317 553
388 626 495
388 953 239
388 264 558
388 588 580
388 573 462
388 230 266
388 79 137
388 236 190
388 25 125
388 548 428
388 369 585
388 374 482
388 668 497
388 311 509
388 605 132
388 997 211
388 459 335
388 957 207
388 816 630
388 726 339
388 208 243
388 857 577
388 699 205
388 244 249
389 460 344
389 669 255
389 481 461
389 751 235
389 136 232
389 202 470
389 94 235
389 85 635
389 144 240
389 472 77
389 160 200
389 626 131
389 293 556
389 602 499
389 929 241
389 287 556
389 612 578
389 596 469
389 246 283
389 96 154
389 220 172
389 1 123
389 525 421
389 375 565
389 361 502
389 644 494
389 307 532
389 586 145
389 973 209
389 472 316
389 981 208
389 746 352
389 232 242
389 857 553
389 677 201
389 227 258
390 439 354
390 663 278
390 224 638
390 502 451
390 761 214
390 115 220
390 200 446
390 117 242
390 132 261
390 448 78
390 167 177
390 650 130
390 270 560
390 578 502
390 905 242
390 311 553
390 635 575
390 619 476
390 263 301
390 112 172
390 204 154
390 502 415
390 398 563
390 348 522
390 620 491
390 303 556
390 566 159
390 950 208
390 487 297
390 765 366
390 256 240
390 857 529
390 653 199
390 222 281
391 417 364
391 652 296
391 759 1
391 230 615
391 524 441
391 768 192
391 95 207
391 197 423
391 126 259
391 120 282
391 424 79
391 185 168
391 674 128
391 267 582
391 555 505
391 883 246
391 335 551
391 659 573
391 642 483
391 278 316
391 128 189
391 188 138
391 478 408
391 422 562
391 335 542
391 596 488
391 298 580
391 546 172
391 926 207
391 379 630
391 501 278
391 785 379
391 280 238
391 857 505
391 629 198
391 216 304
392 395 374
392 631 307
392 755 24
392 236 592
392 546 431
392 774 169
392 74 195
392 195 399
392 128 283
392 109 303
392 400 81
392 209 167
392 698 126
392 267 606
392 531 508
392 863 259
392 359 548
392 683 571
392 665 489
392 301 323
392 145 207
392 165 136
392 455 401
392 446 560
392 323 562
392 572 486
392 296 602
392 526 185
392 902 206
392 380 606
392 516 259
392 790 400
392 304 236
392 857 481
392 605 197
392 211 328
393 373 385
393 609 317
393 751 48
393 243 569
393 568 421
393 780 145
393 55 183
393 192 375
393 131 307
393 97 324
393 376 82
393 233 165
393 722 125
393 267 630
393 507 512
393 843 272
393 383 546
393 707 568
393 684 499
393 324 330
393 161 225
393 141 135
393 432 394
393 470 558
393 320 585
393 549 483
393 296 626
393 508 199
393 878 205
393 382 582
393 535 251
393 791 424
393 328 234
393 151 619
393 857 457
393 581 196
393 205 351
394 352 395
394 587 327
394 747 72
394 249 546
394 589 411
394 786 122
394 32 179
394 190 351
394 134 330
394 85 345
394 352 83
394 763 20
394 257 163
394 745 123
394 483 515
394 822 285
394 407 543
394 721 555
394 702 515
394 347 336
394 177 242
394 117 133
394 409 388
394 494 556
394 318 609
394 525 480
394 493 218
394 854 205
394 383 558
394 559 249
394 791 448
394 352 233
394 154 595
394 857 433
394 557 194
394 200 374
395 330 405
395 565 337
395 743 95
395 257 525
395 611 400
395 792 99
395 8 177
395 187 327
395 136 354
395 76 366
395 328 84
395 764 44
395 281 162
395 769 121
395 459 518
395 802 298
395 431 541
395 729 532
395 721 530
395 370 343
395 194 260
395 93 132
395 386 381
395 518 554
395 315 633
395 501 477
395 479 238
395 830 204
395 385 534
395 583 248
395 792 472
395 376 231
395 157 571
395 857 409
395 533 193
395 194 398
396 308 415
396 544 347
396 739 118
396 278 514
396 633 390
396 798 76
396 185 303
396 139 378
396 75 390
396 304 86
396 755 60
396 305 160
396 793 120
396 436 522
396 782 311
396 455 539
396 737 509
396 739 546
396 394 350
396 210 277
396 69 130
396 367 372
396 542 552
396 477 475
396 465 257
396 806 203
396 386 510
396 607 246
396 792 496
396 400 229
396 159 547
396 857 385
396 509 192
396 189 421
397 293 431
397 522 357
397 733 141
397 300 504
397 653 380
397 803 52
397 182 279
397 142 402
397 75 414
397 280 87
397 731 61
397 92 628
397 329 158
397 810 111
397 412 525
397 762 324
397 478 536
397 745 486
397 758 561
397 417 357
397 226 295
397 45 128
397 851 638
397 351 354
397 566 550
397 453 472
397 450 276
397 782 203
397 388 486
397 631 245
397 792 520
397 424 227
397 162 524
397 850 364
397 485 191
397 183 444
398 280 451
398 500 367
398 727 164
398 322 494
398 664 358
398 809 29
398 179 257
398 338 616
398 3 191
398 144 426
398 75 438
398 256 88
398 707 62
398 92 604
398 353 157
398 811 87
398 388 528
398 742 337
398 502 534
398 752 464
398 776 576
398 440 363
398 243 313
398 21 127
398 836 619
398 335 336
398 590 548
398 401 623
398 429 469
398 436 295
398 758 202
398 398 466
398 655 243
398 793 544
398 448 225
398 165 500
398 835 346
398 461 189
398 178 468
399 268 472
399 478 377
399 721 188
399 344 484
399 674 337
399 812 7
399 168 238
399 333 595
399 26 198
399 147 450
399 75 462
399 232 89
399 684 63
399 93 580
399 376 155
399 812 63
399 364 531
399 727 353
399 997 188
399 526 531
399 760 441
399 794 592
399 463 370
399 259 330
399 820 601
399 319 319
399 614 546
399 403 599
399 769 618
399 406 466
399 422 314
399 734 201
399 409 445
399 679 242
399 793 568
399 472 224
399 168 476
399 819 327
399 437 188
399 175 490
